=== Run information ===

Scheme:weka.classifiers.lazy.IBk -K 5 -W 0 -X -A "weka.core.neighboursearch.LinearNNSearch -A \"weka.core.EuclideanDistance -R first-last\""
Relation:     data-weka.filters.unsupervised.attribute.Normalize-S1.0-T0.0
Instances:    2425
Attributes:   44
              alexa_has_adult_content
              alexa_lang
              alexa_links_in
              alexa_load_time
              alexa_rank
              alexa_rank_dk
              cms
              external_links_count
              facebook_share
              has_analytics
              has_content_business
              has_content_film
              has_content_food
              has_content_games
              has_content_health
              has_content_music
              has_content_news
              has_content_shop
              has_content_sport
              has_content_technology
              has_content_transport
              has_content_xxx
              has_description
              has_js_angular
              has_js_backbone
              has_js_dojo
              has_js_ember
              has_js_handlebars
              has_js_jquery
              has_js_knockout
              has_js_modernizr
              has_js_mootools
              has_js_prototype
              has_js_underscore
              has_keywords
              html5
              html5_tags
              img_count
              internal_links_count
              page_rank
              server
              title_tag
              twitter_share
              xhtml
Test mode:10-fold cross-validation

=== Classifier model (full training set) ===

IB1 instance-based classifier
using 5 nearest neighbour(s) for classification


Time taken to build model: 0 seconds

=== Predictions ontest data===

inst#,    actual, predicted, error
     1      0.625      0.425     -0.2  
     2      0.25       0.3        0.05 
     3      0.375      0.525      0.15 
     4      0.75       0.425     -0.325
     5      0.5        0.65       0.15 
     6      0.75       0.125     -0.625
     7          ?      0.325 
     8      0.625      0.4       -0.225
     9      0          0.425      0.425
    10      0.5        0.5        0    
    11      0.625      0.425     -0.2  
    12      0.5        0.55       0.05 
    13      0          0.225      0.225
    14      0.5        0.525      0.025
    15      0.625      0.575     -0.05 
    16      0.375      0.3       -0.075
    17      0.625      0.45      -0.175
    18      0.25       0.3        0.05 
    19      0.25       0.45       0.2  
    20      0.5        0.425     -0.075
    21      0.5        0.65       0.15 
    22      0.5        0.7        0.2  
    23      0.25       0.45       0.2  
    24      0.75       0.425     -0.325
    25      0.75       0.7       -0.05 
    26      0.125      0.475      0.35 
    27      0.375      0.3       -0.075
    28      0.5        0.375     -0.125
    29      0          0.35       0.35 
    30      0.25       0.2       -0.05 
    31      0.5        0.4       -0.1  
    32      0.5        0.2       -0.3  
    33      0.625      0.375     -0.25 
    34      0.5        0.525      0.025
    35      0.5        0.425     -0.075
    36      0.375      0.625      0.25 
    37      0.25       0.375      0.125
    38      0.5        0.3       -0.2  
    39      0.625      0.325     -0.3  
    40      0.5        0.45      -0.05 
    41      0.25       0.45       0.2  
    42      0          0.525      0.525
    43      0.5        0.5        0    
    44      0.5        0.35      -0.15 
    45      0          0.425      0.425
    46      0.75       0.85       0.1  
    47      0.875      0.675     -0.2  
    48      0.5        0.55       0.05 
    49      0.5        0.475     -0.025
    50      0.125      0.15       0.025
    51      0          0.55       0.55 
    52      0.125      0.25       0.125
    53      0.5        0.25      -0.25 
    54      0.75       0.575     -0.175
    55      0.375      0.4        0.025
    56      0.625      0.425     -0.2  
    57      0.5        0.45      -0.05 
    58      0          0.4        0.4  
    59      0.25       0.55       0.3  
    60      0.75       0.425     -0.325
    61      0.375      0.5        0.125
    62      0.25       0.25       0    
    63      0.25       0.325      0.075
    64      0.25       0.775      0.525
    65      0.375      0.5        0.125
    66      0.625      0.6       -0.025
    67      0.5        0.575      0.075
    68      0.625      0.725      0.1  
    69      0.25       0.375      0.125
    70      0.75       0.55      -0.2  
    71      0.625      0.5       -0.125
    72      0          0.1        0.1  
    73      0.25       0.35       0.1  
    74      0.75       0.425     -0.325
    75      0.5        0.55       0.05 
    76          ?      0.325 
    77      0.5        0.425     -0.075
    78      0.5        0.45      -0.05 
    79      0.875      0.675     -0.2  
    80      0.5        0.525      0.025
    81      0.5        0.6        0.1  
    82      0.375      0.3       -0.075
    83      0.5        0.35      -0.15 
    84      0          0.55       0.55 
    85      0.375      0.35      -0.025
    86      0.125      0.25       0.125
    87      0.75       0.375     -0.375
    88      0.625      0.45      -0.175
    89      0.625      0.575     -0.05 
    90      0.75       0.6       -0.15 
    91      0.5        0.375     -0.125
    92      0.25       0.35       0.1  
    93      0.5        0.4       -0.1  
    94      0.5        0.55       0.05 
    95          ?      0.375 
    96      0.75       0.625     -0.125
    97      0.5        0.675      0.175
    98      0.5        0.525      0.025
    99      0.5        0.25      -0.25 
   100      0.375      0.45       0.075
   101      0.375      0.225     -0.15 
   102          ?      0.625 
   103      0.625      0.575     -0.05 
   104      0.375      0.225     -0.15 
   105      0.375      0.225     -0.15 
   106      0.625      0.6       -0.025
   107      0.375      0.45       0.075
   108      0.75       0.725     -0.025
   109      0.5        0.475     -0.025
   110      0.125      0.325      0.2  
   111      0.75       0.55      -0.2  
   112      0.375      0.35      -0.025
   113      0.5        0.4       -0.1  
   114      0.125      0.375      0.25 
   115      0.375      0.425      0.05 
   116      0.25       0.525      0.275
   117      0.5        0.475     -0.025
   118      0.5        0.6        0.1  
   119      0.625      0.725      0.1  
   120      0.625      0.475     -0.15 
   121      0.375      0.125     -0.25 
   122      0.375      0.325     -0.05 
   123      0.625      0.55      -0.075
   124      0.625      0.425     -0.2  
   125      0          0.15       0.15 
   126      0.25       0.375      0.125
   127      0.375      0.475      0.1  
   128      0.25       0.3        0.05 
   129      0.25       0.45       0.2  
   130      0.625      0.4       -0.225
   131      0.25       0.375      0.125
   132      0.625      0.4       -0.225
   133      0.625      0.55      -0.075
   134      0.5        0.3       -0.2  
   135      0          0.4        0.4  
   136      0.625      0.15      -0.475
   137      0.75       0.55      -0.2  
   138          ?      0.2   
   139      0.5        0.55       0.05 
   140      0.375      0.5        0.125
   141      0.75       0.6       -0.15 
   142      0.625      0.575     -0.05 
   143      0.25       0.175     -0.075
   144      0.375      0.425      0.05 
   145      0.25       0.55       0.3  
   146      0.875      0.6       -0.275
   147      0.625      0.475     -0.15 
   148      0.125      0.275      0.15 
   149      0.25       0.5        0.25 
   150      0.25       0.35       0.1  
   151      0.25       0.225     -0.025
   152      0.25       0.4        0.15 
   153      0.375      0.4        0.025
   154      0.5        0.35      -0.15 
   155      0.375      0.5        0.125
   156      0.125      0.625      0.5  
   157      0.375      0.5        0.125
   158      0.625      0.3       -0.325
   159      0.25       0.45       0.2  
   160      0.375      0.425      0.05 
   161      0.375      0.4        0.025
   162      0.375      0.725      0.35 
   163          ?      0.175 
   164          ?      0.275 
   165      0.5        0.525      0.025
   166      0.5        0.325     -0.175
   167      0.5        0.525      0.025
   168      0.25       0.625      0.375
   169      0.375      0.2       -0.175
   170      0.25       0.375      0.125
   171      0.125      0.575      0.45 
   172      0.875      0.575     -0.3  
   173      0.875      0.575     -0.3  
   174      0.5        0.45      -0.05 
   175      0.5        0.375     -0.125
   176      0.75       0.575     -0.175
   177      0.625      0.675      0.05 
   178      0.625      0.65       0.025
   179      0.5        0.45      -0.05 
   180      0.25       0.2       -0.05 
   181      0.25       0.525      0.275
   182      0.5        0.425     -0.075
   183      0.375      0.7        0.325
   184      0.625      0.725      0.1  
   185      0.125      0.175      0.05 
   186      0.5        0.225     -0.275
   187      0.875      0.575     -0.3  
   188      0.375      0.5        0.125
   189      0.125      0.3        0.175
   190      0.125      0.4        0.275
   191      0.375      0.25      -0.125
   192      0.75       0.6       -0.15 
   193      0.375      0.575      0.2  
   194      0.5        0.4       -0.1  
   195      0.375      0.425      0.05 
   196      0.75       0.55      -0.2  
   197          ?      0.35  
   198      0.375      0.55       0.175
   199      0.75       0.7       -0.05 
   200      0.375      0.3       -0.075
   201      0.5        0.325     -0.175
   202      0.5        0.325     -0.175
   203      0.125      0.5        0.375
   204      0          0.175      0.175
   205      0.375      0.5        0.125
   206      0.5        0.55       0.05 
   207      0.625      0.45      -0.175
   208      0.5        0.325     -0.175
   209      0.375      0.45       0.075
   210      0.625      0.475     -0.15 
   211      0.5        0.275     -0.225
   212          ?      0.375 
   213      0.125      0.45       0.325
   214      0.125      0.575      0.45 
   215      0.75       0.45      -0.3  
   216      0          0.425      0.425
   217      0.375      0.475      0.1  
   218      0.625      0.225     -0.4  
   219      0.5        0.55       0.05 
   220      0.375      0.475      0.1  
   221      0.75       0.55      -0.2  
   222      0.75       0.5       -0.25 
   223      0.125      0.525      0.4  
   224      0.375      0.525      0.15 
   225      0.125      0.3        0.175
   226      0.5        0.55       0.05 
   227          ?      0.225 
   228      0.625      0.475     -0.15 
   229      0.5        0.475     -0.025
   230      0.25       0.275      0.025
   231      0.75       0.625     -0.125
   232      0.75       0.475     -0.275
   233      0.5        0.275     -0.225
   234      0.75       0.6       -0.15 
   235      0.375      0.65       0.275
   236      0.375      0.45       0.075
   237      0.75       0.475     -0.275
   238      0.625      0.575     -0.05 
   239      0.375      0.725      0.35 
   240      0.75       0.55      -0.2  
   241      0.375      0.425      0.05 
   242      0.5        0.525      0.025
   243      0.75       0.65      -0.1  
     1          ?      0.275 
     2      0.25       0.375      0.125
     3      0.5        0.775      0.275
     4      0.5        0.525      0.025
     5      0.5        0.575      0.075
     6      0.375      0.6        0.225
     7      0.125      0.6        0.475
     8      0.625      0.55      -0.075
     9      0.625      0.625      0    
    10      0.625      0.575     -0.05 
    11      0.375      0.475      0.1  
    12      0.5        0.525      0.025
    13          ?      0.325 
    14      0.25       0.3        0.05 
    15          ?      0.3   
    16      0.25       0.175     -0.075
    17      0.75       0.4       -0.35 
    18      0.625      0.45      -0.175
    19      0.875      0.65      -0.225
    20      0.75       0.6       -0.15 
    21      0.625      0.5       -0.125
    22      0.625      0.45      -0.175
    23      0.5        0.425     -0.075
    24      0.125      0.275      0.15 
    25      0.5        0.575      0.075
    26      0.75       0.725     -0.025
    27      0.625      0.525     -0.1  
    28      0.5        0.525      0.025
    29      0          0.35       0.35 
    30      0.375      0.3       -0.075
    31      0.5        0.5        0    
    32      0.25       0.425      0.175
    33      0.5        0.225     -0.275
    34      0.75       0.55      -0.2  
    35      0.375      0.3       -0.075
    36      0.5        0.625      0.125
    37      0.375      0.475      0.1  
    38      0.625      0.525     -0.1  
    39      0.375      0.45       0.075
    40      0.5        0.6        0.1  
    41      0.625      0.675      0.05 
    42      0.5        0.45      -0.05 
    43      0.75       0.5       -0.25 
    44      0          0.4        0.4  
    45      0.375      0.525      0.15 
    46      0.5        0.5        0    
    47      0.625      0.65       0.025
    48      0.25       0.475      0.225
    49      0.75       0.3       -0.45 
    50      0.625      0.675      0.05 
    51      0.5        0.625      0.125
    52      0.5        0.5        0    
    53      0.5        0.45      -0.05 
    54      0.25       0.6        0.35 
    55          ?      0.425 
    56      0.25       0.275      0.025
    57      0.375      0.525      0.15 
    58      0.5        0.575      0.075
    59      0.625      0.55      -0.075
    60      0.75       0.425     -0.325
    61      0.25       0.3        0.05 
    62      0.375      0.4        0.025
    63          ?      0.3   
    64      0.75       0.2       -0.55 
    65      0.375      0.275     -0.1  
    66          ?      0.5   
    67      0.375      0.625      0.25 
    68      0.75       0.8        0.05 
    69      0.625      0.575     -0.05 
    70      0.625      0.575     -0.05 
    71      0.375      0.45       0.075
    72      0.375      0.3       -0.075
    73      0.5        0.475     -0.025
    74      0.625      0.45      -0.175
    75      0.625      0.325     -0.3  
    76      0.625      0.4       -0.225
    77      0.5        0.475     -0.025
    78      0.5        0.375     -0.125
    79      0.875      0.45      -0.425
    80      0.625      0.575     -0.05 
    81      0.75       0.6       -0.15 
    82      0.5        0.475     -0.025
    83      0          0.4        0.4  
    84      0.375      0.375      0    
    85      0.5        0.575      0.075
    86      0.625      0.375     -0.25 
    87      0.375      0.375      0    
    88      0.375      0.4        0.025
    89      0          0.575      0.575
    90      0.375      0.375      0    
    91      0.625      0.675      0.05 
    92      0.75       0.525     -0.225
    93      0.375      0.375      0    
    94      0.5        0.45      -0.05 
    95      0.5        0.525      0.025
    96      0.75       0.45      -0.3  
    97      0.75       0.55      -0.2  
    98      0          0.15       0.15 
    99      0.5        0.575      0.075
   100      0          0.3        0.3  
   101      0.5        0.575      0.075
   102      0.125      0.15       0.025
   103      0.5        0.75       0.25 
   104      0.875      0.4       -0.475
   105      0.5        0.425     -0.075
   106      0.625      0.7        0.075
   107      0.375      0.325     -0.05 
   108      0.375      0.4        0.025
   109      0.625      0.6       -0.025
   110      0.625      0.825      0.2  
   111      0.5        0.4       -0.1  
   112          ?      0.425 
   113      0          0.275      0.275
   114      0.625      0.525     -0.1  
   115      0.5        0.275     -0.225
   116      0.375      0.2       -0.175
   117      0.375      0.35      -0.025
   118      0.25       0.5        0.25 
   119      0.75       0.45      -0.3  
   120      0.75       0.725     -0.025
   121      0.25       0.4        0.15 
   122      0.75       0.75       0    
   123      0.375      0.425      0.05 
   124      0.375      0.5        0.125
   125      0.625      0.6       -0.025
   126      0.375      0.225     -0.15 
   127      0.875      0.425     -0.45 
   128      0.375      0.55       0.175
   129      0.625      0.55      -0.075
   130      0.625      0.375     -0.25 
   131      0.125      0.5        0.375
   132      0.5        0.45      -0.05 
   133      0.375      0.325     -0.05 
   134      0.75       0.475     -0.275
   135      0.625      0.675      0.05 
   136      0.125      0.125      0    
   137      0.5        0.275     -0.225
   138      0.25       0.525      0.275
   139      0.375      0.5        0.125
   140      0.375      0.675      0.3  
   141      0.25       0.65       0.4  
   142      0.5        0.575      0.075
   143      0.875      0.325     -0.55 
   144      0.75       0.8        0.05 
   145      0.625      0.425     -0.2  
   146      0.875      0.45      -0.425
   147      0.5        0.675      0.175
   148      0.375      0.45       0.075
   149      0.375      0.45       0.075
   150      0.625      0.275     -0.35 
   151      0.5        0.65       0.15 
   152      0.125      0.325      0.2  
   153          ?      0.475 
   154      0.125      0.375      0.25 
   155      0.375      0.375      0    
   156      1          0.35      -0.65 
   157      0.875      0.75      -0.125
   158      0.625      0.5       -0.125
   159      0.125      0.425      0.3  
   160      0.625      0.675      0.05 
   161      0.5        0.675      0.175
   162      0.5        0.55       0.05 
   163      0.5        0.475     -0.025
   164      0.25       0.525      0.275
   165          ?      0.125 
   166      0.875      0.65      -0.225
   167      0.375      0.475      0.1  
   168      0.75       0.425     -0.325
   169      0.25       0.35       0.1  
   170      0.5        0.4       -0.1  
   171      0.75       0.6       -0.15 
   172      0.625      0.6       -0.025
   173      0.75       0.625     -0.125
   174      0          0.375      0.375
   175      0.5        0.425     -0.075
   176      0.625      0.475     -0.15 
   177      0.625      0.475     -0.15 
   178      0.5        0.4       -0.1  
   179      0.875      0.5       -0.375
   180      0.5        0.45      -0.05 
   181      0.25       0.325      0.075
   182          ?      0.525 
   183      0.375      0.475      0.1  
   184      0.375      0.5        0.125
   185      0          0.3        0.3  
   186      0.5        0.6        0.1  
   187      0.375      0.55       0.175
   188      0.25       0.6        0.35 
   189      0.625      0.725      0.1  
   190      0.75       0.5       -0.25 
   191      0.5        0.325     -0.175
   192      0.625      0.45      -0.175
   193      0.625      0.6       -0.025
   194      0.5        0.3       -0.2  
   195      0          0.2        0.2  
   196          ?      0.475 
   197      0.625      0.45      -0.175
   198      0.625      0.25      -0.375
   199      0.375      0.425      0.05 
   200          ?      0.275 
   201      0          0.35       0.35 
   202      0          0.35       0.35 
   203      0.5        0.625      0.125
   204      0.625      0.325     -0.3  
   205      0.75       0.725     -0.025
   206      0.625      0.6       -0.025
   207      0.25       0.325      0.075
   208          ?      0.475 
   209      0.5        0.425     -0.075
   210      0.25       0.5        0.25 
   211      0.5        0.225     -0.275
   212      0.75       0.65      -0.1  
   213      0.375      0.45       0.075
   214      0.375      0.425      0.05 
   215      0.375      0.475      0.1  
   216          ?      0.575 
   217      0.5        0.475     -0.025
   218      0.375      0.375      0    
   219      0.625      0.55      -0.075
   220      0.375      0.6        0.225
   221      0.625      0.475     -0.15 
   222      0.75       0.35      -0.4  
   223          ?      0.225 
   224      0.625      0.6       -0.025
   225      0          0.275      0.275
   226      0.875      0.475     -0.4  
   227      0.625      0.475     -0.15 
   228          ?      0.35  
   229      0.5        0.7        0.2  
   230      0.375      0.375      0    
   231      0.25       0.3        0.05 
   232      0.5        0.1       -0.4  
   233      0.75       0.575     -0.175
   234      0.75       0.55      -0.2  
   235      0.625      0.575     -0.05 
   236      0.375      0.475      0.1  
   237      0.5        0.625      0.125
   238      0.375      0.475      0.1  
   239      0.75       0.675     -0.075
   240      0.375      0.45       0.075
   241      0.625      0.5       -0.125
   242      0.5        0.475     -0.025
   243      0.625      0.55      -0.075
     1      0.625      0.475     -0.15 
     2      0.5        0.45      -0.05 
     3      0.25       0.425      0.175
     4      0.5        0.325     -0.175
     5      0.25       0.5        0.25 
     6      0.625      0.375     -0.25 
     7      0.375      0.3       -0.075
     8      0.5        0.625      0.125
     9          ?      0.525 
    10      0.625      0.05      -0.575
    11      0.375      0.55       0.175
    12      0.75       0.175     -0.575
    13      0.25       0.3        0.05 
    14      0.125      0.475      0.35 
    15      0.625      0.6       -0.025
    16      0.75       0.525     -0.225
    17      0.75       0.5       -0.25 
    18      0.125      0.45       0.325
    19      0          0.65       0.65 
    20      0.5        0.375     -0.125
    21      0.375      0.225     -0.15 
    22      0.5        0.35      -0.15 
    23      0          0.425      0.425
    24      0.625      0.6       -0.025
    25      0.625      0.625      0    
    26      0.5        0.55       0.05 
    27      0.375      0.425      0.05 
    28      0.375      0.25      -0.125
    29      0.625      0.55      -0.075
    30      0.375      0.275     -0.1  
    31      0.25       0.45       0.2  
    32      0.625      0.625      0    
    33      0.375      0.35      -0.025
    34      0.25       0.15      -0.1  
    35      0.5        0.55       0.05 
    36      0          0.25       0.25 
    37      0.625      0.5       -0.125
    38      0.625      0.425     -0.2  
    39      0.5        0.475     -0.025
    40      0.75       0.475     -0.275
    41      0.125      0.375      0.25 
    42      0.5        0.45      -0.05 
    43      0.25       0.375      0.125
    44      0.625      0.625      0    
    45      0.375      0.55       0.175
    46      0.125      0.425      0.3  
    47      0.75       0.725     -0.025
    48      0.5        0.35      -0.15 
    49      0.625      0.7        0.075
    50      0.5        0.4       -0.1  
    51      0.25       0.475      0.225
    52      0.25       0.2       -0.05 
    53          ?      0.475 
    54      0.125      0.45       0.325
    55      0.5        0.425     -0.075
    56      0.125      0.35       0.225
    57      0.5        0.525      0.025
    58      0.375      0.475      0.1  
    59      0.625      0.55      -0.075
    60      0.75       0.6       -0.15 
    61      0.875      0.45      -0.425
    62      0.375      0.3       -0.075
    63      0.25       0.45       0.2  
    64      0.375      0.45       0.075
    65      0.625      0.65       0.025
    66      0.625      0.425     -0.2  
    67      0.75       0.65      -0.1  
    68      0.5        0.3       -0.2  
    69      0.5        0.5        0    
    70      0.125      0.275      0.15 
    71      0.25       0.175     -0.075
    72      0.25       0.35       0.1  
    73      0.375      0.275     -0.1  
    74      0.25       0.3        0.05 
    75      0.5        0.575      0.075
    76      0.625      0.575     -0.05 
    77      0.375      0.425      0.05 
    78      0.5        0.475     -0.025
    79      0.75       0.55      -0.2  
    80      0.5        0.6        0.1  
    81      0.25       0.35       0.1  
    82      0.25       0.2       -0.05 
    83      0.5        0.375     -0.125
    84      0.625      0.575     -0.05 
    85      0          0.325      0.325
    86      0.25       0.3        0.05 
    87      0.375      0.45       0.075
    88      0.125      0.3        0.175
    89      0.375      0.45       0.075
    90      0.5        0.55       0.05 
    91      0          0.225      0.225
    92      0.5        0.5        0    
    93      0.25       0.6        0.35 
    94      0.25       0.35       0.1  
    95      0.375      0.5        0.125
    96      0.375      0.3       -0.075
    97      0.5        0.175     -0.325
    98      0.5        0.45      -0.05 
    99      0.5        0.625      0.125
   100      0.5        0.55       0.05 
   101      0.875      0.425     -0.45 
   102      0.5        0.4       -0.1  
   103      0          0.35       0.35 
   104      0          0.35       0.35 
   105      0.5        0.525      0.025
   106      0.625      0.625      0    
   107      0.625      0.625      0    
   108      0.5        0.525      0.025
   109      0.375      0.325     -0.05 
   110      0.375      0.5        0.125
   111      0.625      0.475     -0.15 
   112      0.375      0.5        0.125
   113      0          0.25       0.25 
   114          ?      0.425 
   115      0          0.375      0.375
   116      0.375      0.675      0.3  
   117      0.5        0.775      0.275
   118      0.375      0.5        0.125
   119      0.75       0.55      -0.2  
   120      0.5        0.3       -0.2  
   121      0.5        0.45      -0.05 
   122      0.375      0.475      0.1  
   123      0.375      0.525      0.15 
   124      0.375      0.525      0.15 
   125      0.625      0.45      -0.175
   126      0.5        0.5        0    
   127      0.75       0.575     -0.175
   128      0.5        0.5        0    
   129      0.75       0.425     -0.325
   130      0.75       0.25      -0.5  
   131      0.75       0.6       -0.15 
   132      0.5        0.7        0.2  
   133      0.5        0.7        0.2  
   134      0.625      0.6       -0.025
   135      0.5        0.575      0.075
   136      0          0.4        0.4  
   137      0.5        0.675      0.175
   138      0.375      0.425      0.05 
   139      0.625      0.45      -0.175
   140      0.375      0.4        0.025
   141      0.375      0.25      -0.125
   142      0.125      0.275      0.15 
   143      0.5        0.4       -0.1  
   144      0.5        0.55       0.05 
   145      0.25       0.425      0.175
   146      0.25       0.3        0.05 
   147      0.125      0.3        0.175
   148      0          0.425      0.425
   149      0.5        0.5        0    
   150      0.75       0.5       -0.25 
   151      0.75       0.525     -0.225
   152      0.5        0.575      0.075
   153      0.75       0.625     -0.125
   154      0.625      0.6       -0.025
   155      0.375      0.3       -0.075
   156      0.375      0.4        0.025
   157          ?      0.2   
   158      0.625      0.55      -0.075
   159      0.375      0.575      0.2  
   160      0.25       0.675      0.425
   161      0.375      0.4        0.025
   162      0.625      0.5       -0.125
   163      0.75       0.675     -0.075
   164      0.5        0.5        0    
   165      0.25       0.55       0.3  
   166      0.375      0.4        0.025
   167      0.375      0.4        0.025
   168      0.125      0.425      0.3  
   169      0.625      0.575     -0.05 
   170      0.375      0.55       0.175
   171      0.125      0.475      0.35 
   172      0.625      0.525     -0.1  
   173      0.375      0.425      0.05 
   174      0.75       0.5       -0.25 
   175      0.75       0.525     -0.225
   176      0.375      0.35      -0.025
   177      0.625      0.425     -0.2  
   178      0.875      0.6       -0.275
   179      0.875      0.725     -0.15 
   180      0.625      0.625      0    
   181      0.375      0.525      0.15 
   182      0.5        0.475     -0.025
   183      0.625      0.6       -0.025
   184      0.5        0.7        0.2  
   185      0.875      0.85      -0.025
   186      0.25       0.525      0.275
   187      0.75       0.525     -0.225
   188          ?      0.4   
   189      0.625      0.425     -0.2  
   190      0.25       0.375      0.125
   191          ?      0.2   
   192      0.125      0.225      0.1  
   193          ?      0.675 
   194      0.625      0.675      0.05 
   195      0.375      0.3       -0.075
   196      0.375      0.4        0.025
   197      0.75       0.6       -0.15 
   198      0.25       0.4        0.15 
   199      0.5        0.425     -0.075
   200          ?      0.4   
   201      0.25       0.375      0.125
   202      0.375      0.575      0.2  
   203      0.375      0.475      0.1  
   204      0.5        0.475     -0.025
   205          ?      0.475 
   206      0.375      0.4        0.025
   207      0.5        0.375     -0.125
   208      0.75       0.45      -0.3  
   209          ?      0.35  
   210      0.625      0.4       -0.225
   211      0.125      0.35       0.225
   212      0          0.25       0.25 
   213      0.625      0.6       -0.025
   214      0.125      0.45       0.325
   215      0.625      0.325     -0.3  
   216      0.375      0.575      0.2  
   217      0.375      0.45       0.075
   218      1          0.625     -0.375
   219      0.5        0.3       -0.2  
   220      0.5        0.425     -0.075
   221      0.5        0.625      0.125
   222      0.375      0.425      0.05 
   223      0          0.3        0.3  
   224      0.625      0.4       -0.225
   225      0.125      0.525      0.4  
   226      0.5        0.4       -0.1  
   227      0.625      0.725      0.1  
   228      0.5        0.425     -0.075
   229      0.75       0.55      -0.2  
   230      0.375      0.5        0.125
   231      0          0.325      0.325
   232      0.75       0.45      -0.3  
   233      0.75       0.575     -0.175
   234      0.5        0.175     -0.325
   235      0.125      0.45       0.325
   236      0.375      0.4        0.025
   237      0.375      0.45       0.075
   238      0.75       0.5       -0.25 
   239          ?      0.175 
   240      0.375      0.5        0.125
   241      0.625      0.35      -0.275
   242      0.625      0.55      -0.075
   243      0.5        0.475     -0.025
     1      0.625      0.425     -0.2  
     2      0.125      0.55       0.425
     3      0.625      0.325     -0.3  
     4      0.625      0.55      -0.075
     5      0.125      0.325      0.2  
     6      0.25       0.3        0.05 
     7      0.625      0.525     -0.1  
     8      0.625      0.575     -0.05 
     9      0.25       0.4        0.15 
    10          ?      0.1   
    11      0.375      0.4        0.025
    12      0.75       0.55      -0.2  
    13      0.5        0.525      0.025
    14      0.625      0.55      -0.075
    15      0.5        0.4       -0.1  
    16      0.375      0.425      0.05 
    17      0.75       0.55      -0.2  
    18      0.75       0.5       -0.25 
    19      0.25       0.525      0.275
    20          ?      0.425 
    21      0.375      0.55       0.175
    22      0.875      0.375     -0.5  
    23      0.75       0.6       -0.15 
    24          ?      0.5   
    25      0.5        0.575      0.075
    26      0.75       0.55      -0.2  
    27      0.25       0.2       -0.05 
    28      0.75       0.4       -0.35 
    29      0.875      0.45      -0.425
    30      0.75       0.475     -0.275
    31      0.75       0.625     -0.125
    32      0.375      0.425      0.05 
    33      0.25       0.45       0.2  
    34          ?      0.275 
    35      0.75       0.45      -0.3  
    36      0.5        0.525      0.025
    37      0          0.3        0.3  
    38      0.5        0.575      0.075
    39      0.625      0.525     -0.1  
    40      0.625      0.575     -0.05 
    41      0.375      0.325     -0.05 
    42      0.75       0.625     -0.125
    43      0.375      0.5        0.125
    44      0.5        0.45      -0.05 
    45      0.375      0.55       0.175
    46      0.625      0.625      0    
    47      0.125      0.4        0.275
    48      0.625      0.525     -0.1  
    49      0.5        0.625      0.125
    50      0.25       0.275      0.025
    51      0.375      0.55       0.175
    52      0.5        0.55       0.05 
    53      0          0.3        0.3  
    54      0.625      0.575     -0.05 
    55      0.375      0.4        0.025
    56      0.625      0.525     -0.1  
    57      0.5        0.5        0    
    58      0.625      0.4       -0.225
    59      0.75       0.625     -0.125
    60      0.75       0.575     -0.175
    61      0.375      0.525      0.15 
    62      0.375      0.525      0.15 
    63      0.375      0.4        0.025
    64      0.5        0.425     -0.075
    65      0.5        0.55       0.05 
    66      0.375      0.575      0.2  
    67      0.25       0.55       0.3  
    68      0          0.45       0.45 
    69      1          0.65      -0.35 
    70      0.625      0.4       -0.225
    71          ?      0.4   
    72      0.625      0.45      -0.175
    73      0.375      0.275     -0.1  
    74      0.5        0.425     -0.075
    75      0.5        0.325     -0.175
    76      0.75       0.375     -0.375
    77      0.75       0.425     -0.325
    78      0.5        0.375     -0.125
    79      0.375      0.625      0.25 
    80      0.375      0.275     -0.1  
    81      0.5        0.4       -0.1  
    82      0.625      0.525     -0.1  
    83      0.25       0.475      0.225
    84      0.5        0.5        0    
    85      0.5        0.475     -0.025
    86      0          0.35       0.35 
    87      0.75       0.475     -0.275
    88      0.375      0.275     -0.1  
    89      0.5        0.425     -0.075
    90      0.5        0.525      0.025
    91      0.5        0.425     -0.075
    92      0.375      0.5        0.125
    93      0.375      0.425      0.05 
    94      0.625      0.625      0    
    95      0.5        0.55       0.05 
    96      0.625      0.7        0.075
    97      0.75       0.45      -0.3  
    98      0.625      0.65       0.025
    99      0.625      0.55      -0.075
   100      0.375      0.325     -0.05 
   101      0.25       0.625      0.375
   102      0.75       0.425     -0.325
   103      0.375      0.15      -0.225
   104      0.5        0.45      -0.05 
   105      0.625      0.55      -0.075
   106          ?      0.275 
   107      0.375      0.3       -0.075
   108      0.625      0.4       -0.225
   109      0.625      0.7        0.075
   110      0          0.5        0.5  
   111      0.5        0.35      -0.15 
   112      0.5        0.7        0.2  
   113      0.625      0.475     -0.15 
   114      0          0.275      0.275
   115      0.5        0.7        0.2  
   116      0.625      0.525     -0.1  
   117      0.375      0.525      0.15 
   118          ?      0.3   
   119      0.5        0.5        0    
   120      0.25       0.425      0.175
   121          ?      0.3   
   122      0.375      0.4        0.025
   123      0.5        0.425     -0.075
   124      0.25       0.425      0.175
   125          ?      0.45  
   126      0.125      0.425      0.3  
   127      0.5        0.475     -0.025
   128      0.625      0.425     -0.2  
   129      0.5        0.45      -0.05 
   130      0.5        0.375     -0.125
   131      0.375      0.475      0.1  
   132      0.25       0.5        0.25 
   133      0          0.325      0.325
   134          ?      0.475 
   135      0.75       0.3       -0.45 
   136      0.625      0.6       -0.025
   137      0.75       0.4       -0.35 
   138      0.5        0.5        0    
   139      0.625      0.625      0    
   140      0.5        0.5        0    
   141      0.125      0.275      0.15 
   142      0.375      0.425      0.05 
   143      0.25       0.35       0.1  
   144      0.75       0.475     -0.275
   145      0.25       0.3        0.05 
   146      0.625      0.3       -0.325
   147      0.375      0.475      0.1  
   148      0.75       0.475     -0.275
   149          ?      0.275 
   150      0.375      0.375      0    
   151      0.375      0.45       0.075
   152      0.625      0.35      -0.275
   153      0.5        0.45      -0.05 
   154      0.25       0.275      0.025
   155          ?      0.65  
   156      0.25       0.375      0.125
   157      0.25       0.525      0.275
   158      0.625      0.625      0    
   159          ?      0.3   
   160      1          0.45      -0.55 
   161      0.375      0.375      0    
   162      0.5        0.3       -0.2  
   163      0.75       0.65      -0.1  
   164      0.375      0.4        0.025
   165      0.375      0.475      0.1  
   166          ?      0.275 
   167      0.5        0.4       -0.1  
   168      0.125      0.3        0.175
   169          ?      0.475 
   170      0          0.625      0.625
   171      0.375      0.35      -0.025
   172          ?      0.5   
   173      0.5        0.65       0.15 
   174      0          0.45       0.45 
   175          ?      0.475 
   176      0.625      0.575     -0.05 
   177      0.5        0.45      -0.05 
   178      0.5        0.55       0.05 
   179      0.25       0.5        0.25 
   180      0.875      0.6       -0.275
   181      0.625      0.575     -0.05 
   182      0.5        0.575      0.075
   183      0.75       0.625     -0.125
   184      0.5        0.55       0.05 
   185      0.5        0.4       -0.1  
   186      0.5        0.475     -0.025
   187      0.75       0.475     -0.275
   188      0.5        0.425     -0.075
   189      0.75       0.575     -0.175
   190      0.375      0.525      0.15 
   191      0.25       0.3        0.05 
   192      0.75       0.475     -0.275
   193      0.5        0.775      0.275
   194      0.375      0.5        0.125
   195      0.375      0.425      0.05 
   196      0.375      0.625      0.25 
   197      0.625      0.525     -0.1  
   198      0.375      0.275     -0.1  
   199      0.375      0.375      0    
   200      0.375      0.4        0.025
   201      0.625      0.475     -0.15 
   202      0.375      0.425      0.05 
   203      0.875      0.7       -0.175
   204      0.375      0.25      -0.125
   205      0.5        0.45      -0.05 
   206      0.5        0.4       -0.1  
   207      0.5        0.475     -0.025
   208      0          0.1        0.1  
   209      0.875      0.65      -0.225
   210      0.375      0.525      0.15 
   211      0.5        0.55       0.05 
   212      0.25       0.425      0.175
   213      0.125      0.45       0.325
   214      0.5        0.65       0.15 
   215      0.375      0.475      0.1  
   216      0.125      0.175      0.05 
   217      0.625      0.575     -0.05 
   218      0.375      0.45       0.075
   219      0.5        0.325     -0.175
   220      0.375      0.35      -0.025
   221      1          0.575     -0.425
   222      0.375      0.3       -0.075
   223          ?      0.5   
   224      0.875      0.625     -0.25 
   225      0.375      0.425      0.05 
   226      0.25       0.4        0.15 
   227      0.875      0.625     -0.25 
   228      0.25       0.425      0.175
   229      0.625      0.625      0    
   230      0.5        0.225     -0.275
   231          ?      0.425 
   232      0.125      0.4        0.275
   233      0.375      0.475      0.1  
   234      0.5        0.5        0    
   235      0.375      0.275     -0.1  
   236      0.5        0.6        0.1  
   237      0.375      0.55       0.175
   238      0.75       0.5       -0.25 
   239      0.375      0.4        0.025
   240      0.375      0.35      -0.025
   241      0.625      0.525     -0.1  
   242      0.25       0.5        0.25 
   243      0.125      0.15       0.025
     1      0.125      0.325      0.2  
     2      0.375      0.25      -0.125
     3      0.625      0.6       -0.025
     4      0.75       0.525     -0.225
     5      0.625      0.425     -0.2  
     6      0.5        0.4       -0.1  
     7      0.5        0.45      -0.05 
     8      0          0.275      0.275
     9      0.625      0.6       -0.025
    10      0.625      0.625      0    
    11      0.75       0.525     -0.225
    12      0.375      0.4        0.025
    13      0.5        0.525      0.025
    14      0.625      0.675      0.05 
    15      0.375      0.475      0.1  
    16      0.25       0.4        0.15 
    17      0.5        0.425     -0.075
    18      0.5        0.475     -0.025
    19          ?      0.2   
    20      0.875      0.475     -0.4  
    21      0.75       0.375     -0.375
    22      0.125      0.475      0.35 
    23      0.625      0.275     -0.35 
    24      0.25       0.575      0.325
    25      0.5        0.6        0.1  
    26      0          0.325      0.325
    27      0.375      0.7        0.325
    28      1          0.65      -0.35 
    29      0.5        0.275     -0.225
    30      0.125      0.275      0.15 
    31      0.5        0.2       -0.3  
    32      0.5        0.625      0.125
    33      0.375      0.55       0.175
    34      0.625      0.7        0.075
    35      0.5        0.475     -0.025
    36      0.375      0.7        0.325
    37      0.125      0.6        0.475
    38      0.5        0.25      -0.25 
    39      0          0.25       0.25 
    40      0.375      0.525      0.15 
    41      0.75       0.475     -0.275
    42      0.375      0.4        0.025
    43      0.375      0.175     -0.2  
    44      0.875      0.55      -0.325
    45      0.375      0.4        0.025
    46      0.125      0.45       0.325
    47      0.25       0.2       -0.05 
    48      0          0.125      0.125
    49      0.625      0.6       -0.025
    50      0.75       0.35      -0.4  
    51      0.375      0.55       0.175
    52      0.375      0.575      0.2  
    53      0.5        0.6        0.1  
    54          ?      0.675 
    55      0.375      0.475      0.1  
    56      0.875      0.675     -0.2  
    57      0          0.45       0.45 
    58      0.5        0.525      0.025
    59      0.5        0.625      0.125
    60          ?      0.3   
    61      0.625      0.525     -0.1  
    62      0.625      0.55      -0.075
    63      0.5        0.6        0.1  
    64      0.125      0.375      0.25 
    65      0.625      0.65       0.025
    66      0.25       0.575      0.325
    67      0.5        0.25      -0.25 
    68      0.625      0.625      0    
    69      0.5        0.45      -0.05 
    70      0.25       0.375      0.125
    71      0.5        0.525      0.025
    72      0.75       0.725     -0.025
    73      0.5        0.425     -0.075
    74      0.5        0.525      0.025
    75      0.375      0.325     -0.05 
    76      0.625      0.575     -0.05 
    77      0.375      0.3       -0.075
    78      0.625      0.525     -0.1  
    79      0.375      0.475      0.1  
    80      0.375      0.625      0.25 
    81      0.625      0.55      -0.075
    82      0.5        0.5        0    
    83      0.375      0.675      0.3  
    84      0.375      0.45       0.075
    85      0.5        0.45      -0.05 
    86      0.375      0.4        0.025
    87      0.375      0.475      0.1  
    88      0.375      0.45       0.075
    89      0.875      0.675     -0.2  
    90      0.25       0.4        0.15 
    91      0.375      0.35      -0.025
    92      0.5        0.425     -0.075
    93      0.75       0.55      -0.2  
    94          ?      0.475 
    95      0.625      0.65       0.025
    96      0          0.35       0.35 
    97      0.375      0.375      0    
    98      0.75       0.475     -0.275
    99      0.625      0.275     -0.35 
   100      0          0.375      0.375
   101      0.5        0.25      -0.25 
   102      0.375      0.4        0.025
   103      0.375      0.275     -0.1  
   104      0          0.375      0.375
   105      0.75       0.35      -0.4  
   106      0.375      0.675      0.3  
   107      0.5        0.575      0.075
   108      0.875      0.75      -0.125
   109      0.125      0.325      0.2  
   110      0          0.325      0.325
   111      0.5        0.4       -0.1  
   112      0.125      0.525      0.4  
   113      0.125      0.45       0.325
   114      0.375      0.6        0.225
   115      0.75       0.6       -0.15 
   116      0          0.625      0.625
   117      0.375      0.25      -0.125
   118      0.5        0.425     -0.075
   119      0.25       0.475      0.225
   120      0.125      0.3        0.175
   121      0.25       0.35       0.1  
   122      0.5        0.4       -0.1  
   123      0          0.275      0.275
   124      0.5        0.65       0.15 
   125      0.375      0.475      0.1  
   126      0.5        0.35      -0.15 
   127      1          0.525     -0.475
   128      0.25       0.45       0.2  
   129      0.375      0.475      0.1  
   130      0.5        0.675      0.175
   131      0.875      0.575     -0.3  
   132      0          0.275      0.275
   133      0.375      0.45       0.075
   134      0.625      0.45      -0.175
   135      0.625      0.55      -0.075
   136      0.375      0.3       -0.075
   137      0.625      0.525     -0.1  
   138      0.5        0.55       0.05 
   139      0.625      0.4       -0.225
   140      0.5        0.5        0    
   141      0.5        0.45      -0.05 
   142      0.5        0.45      -0.05 
   143      0.5        0.425     -0.075
   144      0.375      0.625      0.25 
   145      0.375      0.6        0.225
   146      0.375      0.225     -0.15 
   147      0.75       0.5       -0.25 
   148      0.25       0.35       0.1  
   149      0.375      0.325     -0.05 
   150      0.5        0.375     -0.125
   151      0.875      0.5       -0.375
   152      0.625      0.575     -0.05 
   153      0.375      0.6        0.225
   154      0.5        0.35      -0.15 
   155      0.375      0.5        0.125
   156      0.5        0.5        0    
   157      0.25       0.525      0.275
   158      0.75       0.725     -0.025
   159      0.375      0.45       0.075
   160      0.5        0.575      0.075
   161      0.5        0.35      -0.15 
   162      0.375      0.4        0.025
   163      0.375      0.275     -0.1  
   164      0.5        0.475     -0.025
   165      0.375      0.425      0.05 
   166      0.25       0.525      0.275
   167      0.375      0.425      0.05 
   168      0.25       0.55       0.3  
   169      0.75       0.475     -0.275
   170      0.375      0.5        0.125
   171      0.375      0.4        0.025
   172      0.125      0.275      0.15 
   173      0.75       0.6       -0.15 
   174      0.375      0.475      0.1  
   175      0.25       0.275      0.025
   176      0.5        0.275     -0.225
   177      0.75       0.675     -0.075
   178      0.5        0.5        0    
   179      0.25       0.6        0.35 
   180      0.75       0.55      -0.2  
   181      0.625      0.475     -0.15 
   182      0.25       0.375      0.125
   183      0.25       0.4        0.15 
   184      0.875      0.875      0    
   185      0.5        0.25      -0.25 
   186          ?      0.4   
   187      0.125      0.275      0.15 
   188      0.375      0.375      0    
   189      0.75       0.425     -0.325
   190      0.125      0.275      0.15 
   191      0.375      0.25      -0.125
   192      0.375      0.4        0.025
   193      0.25       0.25       0    
   194      0.25       0.35       0.1  
   195      0.5        0.425     -0.075
   196      0.375      0.55       0.175
   197      0.5        0.425     -0.075
   198      0.5        0.625      0.125
   199      0.625      0.55      -0.075
   200      0.75       0.525     -0.225
   201      0.875      0.725     -0.15 
   202      0          0.275      0.275
   203      0.25       0.25       0    
   204      0.375      0.525      0.15 
   205      0.5        0.525      0.025
   206          ?      0.25  
   207      0.625      0.525     -0.1  
   208      0.5        0.475     -0.025
   209      0.5        0.275     -0.225
   210      0.5        0.475     -0.025
   211      0.25       0.35       0.1  
   212      0          0.275      0.275
   213      0.625      0.525     -0.1  
   214      0.375      0.525      0.15 
   215      0.125      0.45       0.325
   216          ?      0.525 
   217      0.125      0.525      0.4  
   218      0.125      0.25       0.125
   219      0.5        0.475     -0.025
   220      0.375      0.4        0.025
   221      0.75       0.6       -0.15 
   222      0          0.425      0.425
   223      0.625      0.65       0.025
   224      0.5        0.525      0.025
   225      0.25       0.325      0.075
   226      0.375      0.4        0.025
   227      0.5        0.525      0.025
   228      0.75       0.475     -0.275
   229      0.5        0.375     -0.125
   230      0.375      0.45       0.075
   231      0.125      0.3        0.175
   232      0.375      0.3       -0.075
   233      0.375      0.35      -0.025
   234      0.75       0.625     -0.125
   235      0.5        0.35      -0.15 
   236      0          0.275      0.275
   237      0.375      0.55       0.175
   238      0.875      0.775     -0.1  
   239      0          0.4        0.4  
   240          ?      0.225 
   241      0.375      0.375      0    
   242      0.5        0.325     -0.175
   243      0.5        0.525      0.025
     1      0.375      0.425      0.05 
     2      0.375      0.575      0.2  
     3      0.625      0.525     -0.1  
     4      0.5        0.5        0    
     5      0.5        0.525      0.025
     6      0.375      0.55       0.175
     7      0.625      0.5       -0.125
     8      0          0.45       0.45 
     9      0          0.4        0.4  
    10      0.25       0.675      0.425
    11      0.25       0.475      0.225
    12      0.5        0.5        0    
    13      0.375      0.625      0.25 
    14      0.5        0.4       -0.1  
    15      0.625      0.45      -0.175
    16      0.375      0.65       0.275
    17      0.625      0.625      0    
    18      0.5        0.5        0    
    19      0.375      0.325     -0.05 
    20      0.5        0.5        0    
    21      0.25       0.3        0.05 
    22      0          0.375      0.375
    23      0.5        0.375     -0.125
    24      0.875      0.55      -0.325
    25      0.625      0.625      0    
    26      0.625      0.5       -0.125
    27      0.375      0.3       -0.075
    28      0.375      0.3       -0.075
    29      0.375      0.325     -0.05 
    30          ?      0.25  
    31      0          0.475      0.475
    32      0.375      0.525      0.15 
    33      0.5        0.425     -0.075
    34      0.375      0.175     -0.2  
    35      0.5        0.4       -0.1  
    36      0.5        0.325     -0.175
    37      0.625      0.45      -0.175
    38      0.5        0.425     -0.075
    39      0.5        0.3       -0.2  
    40      0.75       0.55      -0.2  
    41          ?      0.3   
    42      0.625      0.675      0.05 
    43      0.5        0.375     -0.125
    44      0.375      0.325     -0.05 
    45      0.5        0.6        0.1  
    46      0.875      0.625     -0.25 
    47      0.75       0.4       -0.35 
    48      0.5        0.6        0.1  
    49      0.25       0.275      0.025
    50      0.5        0.65       0.15 
    51      0.125      0.05      -0.075
    52      0.75       0.675     -0.075
    53      0.625      0.475     -0.15 
    54      0.5        0.475     -0.025
    55      0.875      0.575     -0.3  
    56      0.25       0.375      0.125
    57      0          0.5        0.5  
    58      0.375      0.575      0.2  
    59      0.5        0.275     -0.225
    60      0.5        0.325     -0.175
    61      0.5        0.7        0.2  
    62          ?      0.35  
    63      0.5        0.325     -0.175
    64      0.5        0.475     -0.025
    65      0.5        0.3       -0.2  
    66          ?      0.575 
    67      0.625      0.35      -0.275
    68      0.625      0.425     -0.2  
    69      0.625      0.425     -0.2  
    70      0.75       0.45      -0.3  
    71      0.375      0.6        0.225
    72      0.375      0.45       0.075
    73      0.5        0.5        0    
    74      0.25       0.25       0    
    75      0.375      0.3       -0.075
    76      0.875      0.75      -0.125
    77      0.375      0.375      0    
    78      0.5        0.375     -0.125
    79      0.375      0.375      0    
    80      0.625      0.575     -0.05 
    81      0.625      0.5       -0.125
    82      0.125      0.35       0.225
    83      0.625      0.4       -0.225
    84      0.375      0.375      0    
    85      0.625      0.325     -0.3  
    86      0.75       0.6       -0.15 
    87      0.5        0.6        0.1  
    88      0.5        0.2       -0.3  
    89      0.375      0.2       -0.175
    90      0          0.375      0.375
    91      0.375      0.25      -0.125
    92      0.375      0.375      0    
    93      0.625      0.675      0.05 
    94      0.5        0.425     -0.075
    95      0.5        0.625      0.125
    96      0.75       0.6       -0.15 
    97      0.625      0.325     -0.3  
    98      0.5        0.525      0.025
    99      0.625      0.525     -0.1  
   100      0.625      0.45      -0.175
   101      0.75       0.375     -0.375
   102      0.375      0.475      0.1  
   103      0.5        0.475     -0.025
   104      0.5        0.225     -0.275
   105      0.25       0.625      0.375
   106      0.625      0.625      0    
   107      0.75       0.375     -0.375
   108      0.625      0.55      -0.075
   109      0          0.725      0.725
   110      0.625      0.575     -0.05 
   111      0.5        0.625      0.125
   112      0.5        0.525      0.025
   113      0.625      0.575     -0.05 
   114      0.25       0.45       0.2  
   115      0.375      0.725      0.35 
   116      0.125      0.325      0.2  
   117      0.625      0.475     -0.15 
   118      0.625      0.525     -0.1  
   119      0.625      0.35      -0.275
   120      0.25       0.475      0.225
   121      0.5        0.35      -0.15 
   122      0.375      0.375      0    
   123      0.5        0.55       0.05 
   124      0.625      0.6       -0.025
   125      0.375      0.325     -0.05 
   126      0.875      0.675     -0.2  
   127          ?      0.525 
   128      0.5        0.475     -0.025
   129      0.625      0.55      -0.075
   130      0.5        0.55       0.05 
   131      0.25       0.25       0    
   132      0.375      0.4        0.025
   133          ?      0.325 
   134      0          0.35       0.35 
   135      0.375      0.475      0.1  
   136      0.25       0.775      0.525
   137      0          0.45       0.45 
   138      0.625      0.625      0    
   139      0.375      0.35      -0.025
   140      0.375      0.475      0.1  
   141      0.375      0.45       0.075
   142      0.5        0.5        0    
   143      0.375      0.35      -0.025
   144      0.5        0.55       0.05 
   145      0.375      0.525      0.15 
   146      0.875      0.425     -0.45 
   147      0.5        0.55       0.05 
   148      0.25       0.425      0.175
   149      0.625      0.55      -0.075
   150      0.25       0.375      0.125
   151      0.25       0.5        0.25 
   152      0.5        0         -0.5  
   153      0.5        0.65       0.15 
   154      0.375      0.45       0.075
   155      0.5        0.75       0.25 
   156      0.5        0.225     -0.275
   157          ?      0.5   
   158      0.25       0.4        0.15 
   159      0.625      0.45      -0.175
   160      0.375      0.425      0.05 
   161      0.875      0.525     -0.35 
   162      0          0.55       0.55 
   163      0.75       0.6       -0.15 
   164      0          0.275      0.275
   165      0.5        0.425     -0.075
   166      0.75       0.6       -0.15 
   167          ?      0.375 
   168      0.875      0.55      -0.325
   169      0.375      0.55       0.175
   170      0.125      0.575      0.45 
   171      0.625      0.675      0.05 
   172      0.75       0.575     -0.175
   173      0.5        0.5        0    
   174      0.625      0.75       0.125
   175      1          0.3       -0.7  
   176      0.375      0.35      -0.025
   177      1          0.5       -0.5  
   178      0.375      0.5        0.125
   179      0.75       0.575     -0.175
   180      0.625      0.525     -0.1  
   181      0.375      0.425      0.05 
   182      0.375      0.5        0.125
   183      0.625      0.5       -0.125
   184      0.5        0.55       0.05 
   185      0.625      0.675      0.05 
   186      0.75       0.7       -0.05 
   187      0.375      0.275     -0.1  
   188      0.75       0.75       0    
   189      0.5        0.425     -0.075
   190      0.125      0.3        0.175
   191          ?      0.225 
   192      0.75       0.5       -0.25 
   193      0.25       0.375      0.125
   194      0.625      0.6       -0.025
   195      0.375      0.5        0.125
   196      0.625      0.75       0.125
   197      0.875      0.3       -0.575
   198      0.875      0.625     -0.25 
   199      0.25       0.5        0.25 
   200      0          0.45       0.45 
   201      0.125      0.425      0.3  
   202      0.375      0.45       0.075
   203      0.25       0.25       0    
   204      0.5        0.5        0    
   205      0.375      0.6        0.225
   206      0.375      0.35      -0.025
   207      0.625      0.55      -0.075
   208      0.75       0.65      -0.1  
   209      0.75       0.525     -0.225
   210      0          0.225      0.225
   211      0.375      0.375      0    
   212      0.375      0.55       0.175
   213      0.625      0.7        0.075
   214      0.5        0.475     -0.025
   215      0.625      0.5       -0.125
   216      0.375      0.45       0.075
   217      0.375      0.35      -0.025
   218      0.5        0.3       -0.2  
   219          ?      0.525 
   220      0.375      0.4        0.025
   221      0.625      0.65       0.025
   222      0.25       0.3        0.05 
   223      0.625      0.525     -0.1  
   224          ?      0.25  
   225      0.375      0.575      0.2  
   226      0.375      0.625      0.25 
   227      0.625      0.275     -0.35 
   228      0.375      0.5        0.125
   229      0.375      0.55       0.175
   230      0.375      0.375      0    
   231      0.625      0.4       -0.225
   232      0.125      0.55       0.425
   233      0.5        0.35      -0.15 
   234      0.375      0.625      0.25 
   235      0.5        0.65       0.15 
   236          ?      0.25  
   237      0.875      0.3       -0.575
   238      0.625      0.7        0.075
   239      0.5        0.525      0.025
   240      0.75       0.7       -0.05 
   241      0.5        0.475     -0.025
   242      0.375      0.5        0.125
     1      0.375      0.625      0.25 
     2      0.25       0.45       0.2  
     3      0.75       0.525     -0.225
     4      0.625      0.5       -0.125
     5      0.5        0.2       -0.3  
     6      0.625      0.55      -0.075
     7      0.375      0.475      0.1  
     8      0.625      0.4       -0.225
     9      0.5        0.575      0.075
    10      0.375      0.275     -0.1  
    11      1          0.6       -0.4  
    12      0.625      0.525     -0.1  
    13      0.375      0.375      0    
    14      0.625      0.625      0    
    15      0.375      0.5        0.125
    16      0.625      0.325     -0.3  
    17      0.375      0.45       0.075
    18      0.75       0.475     -0.275
    19      0.625      0.55      -0.075
    20      0          0.45       0.45 
    21      0.375      0.525      0.15 
    22      0.375      0.575      0.2  
    23      0.375      0.45       0.075
    24          ?      0.475 
    25      0.875      0.7       -0.175
    26      0.5        0.6        0.1  
    27      0.375      0.375      0    
    28      0.5        0.65       0.15 
    29      0.25       0.4        0.15 
    30      0.375      0.45       0.075
    31      0.75       0.55      -0.2  
    32      0          0.4        0.4  
    33      0.625      0.5       -0.125
    34      0.75       0.525     -0.225
    35      0.25       0.425      0.175
    36      0.375      0.425      0.05 
    37      0.875      0.725     -0.15 
    38      0.125      0.25       0.125
    39      0.5        0.575      0.075
    40      0.375      0.375      0    
    41      0.25       0.45       0.2  
    42      0.75       0.475     -0.275
    43      0.125      0.3        0.175
    44      0.625      0.675      0.05 
    45      0          0.3        0.3  
    46      0.75       0.425     -0.325
    47      0.5        0.45      -0.05 
    48      0.375      0.45       0.075
    49      0          0.4        0.4  
    50      0.375      0.65       0.275
    51      0.5        0.575      0.075
    52          ?      0.6   
    53      0.625      0.575     -0.05 
    54      0.625      0.525     -0.1  
    55      0.75       0.6       -0.15 
    56      0.375      0.5        0.125
    57      0.375      0.375      0    
    58      0.875      0.625     -0.25 
    59      0.5        0.25      -0.25 
    60      0.625      0.6       -0.025
    61      0.375      0.375      0    
    62      0          0.45       0.45 
    63      0.5        0.55       0.05 
    64      0.375      0.35      -0.025
    65      0.25       0.2       -0.05 
    66      0.5        0.525      0.025
    67      0.5        0.45      -0.05 
    68      0.5        0.525      0.025
    69      0.75       0.45      -0.3  
    70      0.75       0.625     -0.125
    71          ?      0.35  
    72      0.25       0.25       0    
    73      0.25       0.4        0.15 
    74      0.375      0.425      0.05 
    75      0.625      0.475     -0.15 
    76      0.375      0.475      0.1  
    77      0.625      0.35      -0.275
    78      0.625      0.525     -0.1  
    79      0.375      0.625      0.25 
    80      0          0.525      0.525
    81      0          0.675      0.675
    82      0.25       0.275      0.025
    83      0.375      0.475      0.1  
    84      0.25       0.5        0.25 
    85      0.75       0.475     -0.275
    86      0.625      0.625      0    
    87      0.5        0.6        0.1  
    88      0.375      0.55       0.175
    89      0.375      0.3       -0.075
    90      0.125      0.375      0.25 
    91      0.875      0.425     -0.45 
    92      0.25       0.425      0.175
    93      0.375      0.45       0.075
    94      0.625      0.4       -0.225
    95      0.25       0.7        0.45 
    96      0.25       0.4        0.15 
    97      0.5        0.55       0.05 
    98      0.5        0.625      0.125
    99      0.75       0.475     -0.275
   100      0.625      0.6       -0.025
   101          ?      0.525 
   102      0          0.45       0.45 
   103      0.75       0.7       -0.05 
   104      0.375      0.65       0.275
   105      0.75       0.65      -0.1  
   106      0.25       0.35       0.1  
   107      0.5        0.45      -0.05 
   108      0.375      0.4        0.025
   109      0.375      0.55       0.175
   110      0.75       0.325     -0.425
   111      0.5        0.475     -0.025
   112      0.75       0.475     -0.275
   113      0.5        0.5        0    
   114      0.125      0.425      0.3  
   115      0.25       0.425      0.175
   116      0.75       0.3       -0.45 
   117      0.75       0.625     -0.125
   118      0.125      0.225      0.1  
   119      0.25       0.45       0.2  
   120      0.25       0.425      0.175
   121      0.375      0.325     -0.05 
   122      0          0.2        0.2  
   123      0.5        0.45      -0.05 
   124      0.5        0.25      -0.25 
   125      0.25       0.35       0.1  
   126      0.875      0.425     -0.45 
   127      0.75       0.3       -0.45 
   128      0.625      0.475     -0.15 
   129      0.125      0.225      0.1  
   130      0.75       0.4       -0.35 
   131      0.625      0.475     -0.15 
   132      0.375      0.625      0.25 
   133      0.625      0.525     -0.1  
   134      0.625      0.475     -0.15 
   135          ?      0.425 
   136      0.625      0.575     -0.05 
   137      0.625      0.5       -0.125
   138      0.375      0.625      0.25 
   139      0.625      0.425     -0.2  
   140      0.25       0.425      0.175
   141      0.625      0.55      -0.075
   142      0.5        0.6        0.1  
   143      0.5        0.45      -0.05 
   144      0.5        0.425     -0.075
   145      0.25       0.375      0.125
   146      0.375      0.575      0.2  
   147      0.75       0.525     -0.225
   148      0.75       0.6       -0.15 
   149      0.125      0.425      0.3  
   150      0.5        0.45      -0.05 
   151      0.625      0.45      -0.175
   152      0.5        0.1       -0.4  
   153      0.5        0.55       0.05 
   154      0.625      0.525     -0.1  
   155          ?      0.625 
   156      0.375      0.35      -0.025
   157      0.5        0.475     -0.025
   158      0.75       0.6       -0.15 
   159      0.625      0.375     -0.25 
   160      0.25       0.325      0.075
   161      0.5        0.5        0    
   162      0.625      0.425     -0.2  
   163      0.5        0.65       0.15 
   164      0.625      0.7        0.075
   165      0.125      0.375      0.25 
   166      0.75       0.5       -0.25 
   167      0.625      0.625      0    
   168      0.625      0.45      -0.175
   169      0.375      0.575      0.2  
   170      0.25       0.525      0.275
   171      0.5        0.525      0.025
   172      0          0.375      0.375
   173      0.25       0.375      0.125
   174      0.625      0.55      -0.075
   175          ?      0.425 
   176      0.375      0.525      0.15 
   177      0.625      0.625      0    
   178      0.5        0.4       -0.1  
   179      0.375      0.65       0.275
   180      1          0.325     -0.675
   181      0.625      0.4       -0.225
   182      0.625      0.7        0.075
   183      0.75       0.65      -0.1  
   184      0.375      0.575      0.2  
   185      0.5        0.425     -0.075
   186      0.125      0.225      0.1  
   187      0          0.25       0.25 
   188      0.75       0.375     -0.375
   189      0          0.5        0.5  
   190      0.75       0.725     -0.025
   191      0.625      0.3       -0.325
   192      0.5        0.475     -0.025
   193      0.25       0.6        0.35 
   194      0.25       0.525      0.275
   195      0.375      0.225     -0.15 
   196      0.75       0.675     -0.075
   197      0.5        0.45      -0.05 
   198      0.25       0.425      0.175
   199      0.375      0.375      0    
   200      0.125      0.5        0.375
   201          ?      0.2   
   202      0.375      0.325     -0.05 
   203      0.625      0.5       -0.125
   204      0.875      0.775     -0.1  
   205      0.625      0.4       -0.225
   206      0.375      0.5        0.125
   207      0          0.325      0.325
   208      0.25       0.525      0.275
   209      0.25       0.575      0.325
   210      0.5        0.45      -0.05 
   211      0.25       0.475      0.225
   212      0.625      0.575     -0.05 
   213      0.125      0.525      0.4  
   214      0.25       0.275      0.025
   215      0.125      0.55       0.425
   216      0.375      0.475      0.1  
   217      0.5        0.4       -0.1  
   218      0.375      0.4        0.025
   219      0.625      0.575     -0.05 
   220          ?      0.525 
   221      0          0.45       0.45 
   222      0.5        0.525      0.025
   223      0.625      0.475     -0.15 
   224      0          0.1        0.1  
   225      0.5        0.525      0.025
   226      0.125      0.45       0.325
   227      0.375      0.5        0.125
   228      0.125      0.525      0.4  
   229      0.625      0.525     -0.1  
   230      0.625      0.525     -0.1  
   231      0.5        0.475     -0.025
   232      0.375      0.425      0.05 
   233      0.375      0.475      0.1  
   234          ?      0.425 
   235      0.875      0.75      -0.125
   236      0.5        0.2       -0.3  
   237      0.625      0.35      -0.275
   238      0.125      0.6        0.475
   239      0.375      0.425      0.05 
   240      0.75       0.55      -0.2  
   241      0.625      0.525     -0.1  
   242      0.5        0.375     -0.125
     1      0.375      0.25      -0.125
     2      0          0.25       0.25 
     3      0.625      0.8        0.175
     4      0.375      0.5        0.125
     5      0.625      0.475     -0.15 
     6          ?      0.525 
     7      0.5        0.25      -0.25 
     8      0.5        0.5        0    
     9      0.25       0.225     -0.025
    10      0.25       0.3        0.05 
    11      0.625      0.6       -0.025
    12          ?      0.375 
    13          ?      0.25  
    14      0.5        0.575      0.075
    15      0.5        0.45      -0.05 
    16      0.25       0.325      0.075
    17      0.375      0.525      0.15 
    18      0.75       0.5       -0.25 
    19      0.875      0.75      -0.125
    20      0.5        0.475     -0.025
    21      0.375      0.5        0.125
    22      0.75       0.325     -0.425
    23      0.75       0.65      -0.1  
    24      0.5        0.325     -0.175
    25      0.375      0.275     -0.1  
    26      0.5        0.525      0.025
    27      0.375      0.5        0.125
    28      0.5        0.5        0    
    29      0.5        0.625      0.125
    30      0.5        0.525      0.025
    31      0.625      0.65       0.025
    32      0.625      0.625      0    
    33      0.5        0.45      -0.05 
    34      0.5        0.575      0.075
    35      0.375      0.575      0.2  
    36      0.75       0.625     -0.125
    37      0.25       0.3        0.05 
    38      0          0.45       0.45 
    39      0.5        0.425     -0.075
    40      0.5        0.45      -0.05 
    41      0.375      0.575      0.2  
    42      0.75       0.55      -0.2  
    43      0.25       0.65       0.4  
    44      0.625      0.55      -0.075
    45      0.5        0.425     -0.075
    46      0.75       0.65      -0.1  
    47      0.5        0.625      0.125
    48      0.75       0.7       -0.05 
    49      0.625      0.65       0.025
    50      0.375      0.275     -0.1  
    51      0.375      0.4        0.025
    52      0.625      0.5       -0.125
    53      0.75       0.675     -0.075
    54      0.375      0.475      0.1  
    55      0.875      0.375     -0.5  
    56      0.5        0.425     -0.075
    57      0.375      0.25      -0.125
    58      0.375      0.55       0.175
    59      0.625      0.475     -0.15 
    60      0.625      0.55      -0.075
    61      0.625      0.65       0.025
    62      0.625      0.225     -0.4  
    63      0.5        0.45      -0.05 
    64      0.75       0.5       -0.25 
    65      0.75       0.7       -0.05 
    66      0.5        0.55       0.05 
    67      0.375      0.55       0.175
    68      0.375      0.375      0    
    69      0.125      0.25       0.125
    70      0.625      0.475     -0.15 
    71      0.625      0.575     -0.05 
    72      0.75       0.625     -0.125
    73      0.5        0.45      -0.05 
    74      0.875      0.5       -0.375
    75      0.625      0.6       -0.025
    76      0.375      0.4        0.025
    77      0.75       0.525     -0.225
    78      0.375      0.3       -0.075
    79      0.125      0.5        0.375
    80      0.375      0.35      -0.025
    81      0          0.375      0.375
    82      0.375      0.275     -0.1  
    83      0.375      0.5        0.125
    84      0.625      0.275     -0.35 
    85      0.5        0.5        0    
    86      0.375      0.25      -0.125
    87      0.625      0.45      -0.175
    88      0.25       0.35       0.1  
    89      0.5        0.25      -0.25 
    90      0.5        0.55       0.05 
    91          ?      0.525 
    92      0.75       0.275     -0.475
    93      0.5        0.65       0.15 
    94      0.125      0.475      0.35 
    95      0.5        0.425     -0.075
    96      0.25       0.2       -0.05 
    97          ?      0.4   
    98      0.625      0.425     -0.2  
    99      0.25       0.325      0.075
   100          ?      0.35  
   101      0.5        0.575      0.075
   102      0          0.2        0.2  
   103      0.75       0.475     -0.275
   104      0.625      0.775      0.15 
   105      0.5        0.35      -0.15 
   106      0.125      0.525      0.4  
   107      0.625      0.575     -0.05 
   108      0.5        0.5        0    
   109      0.375      0.575      0.2  
   110      0.625      0.725      0.1  
   111      0.75       0.35      -0.4  
   112      0.625      0.675      0.05 
   113      0.5        0.35      -0.15 
   114      0.375      0.3       -0.075
   115          ?      0.375 
   116      0.875      0.475     -0.4  
   117      0.875      0.725     -0.15 
   118      0.75       0.25      -0.5  
   119      0.375      0.475      0.1  
   120      0.375      0.25      -0.125
   121      0.75       0.625     -0.125
   122      0.375      0.375      0    
   123          ?      0.225 
   124      0.75       0.4       -0.35 
   125      0.25       0.2       -0.05 
   126      0.25       0.375      0.125
   127      0          0.425      0.425
   128      0.125      0.55       0.425
   129      0.25       0.65       0.4  
   130      0.5        0.375     -0.125
   131      0          0.375      0.375
   132      0.625      0.475     -0.15 
   133      0.75       0.5       -0.25 
   134      0.5        0.35      -0.15 
   135      0.5        0.6        0.1  
   136      0.625      0.475     -0.15 
   137      0          0.375      0.375
   138      0.25       0.45       0.2  
   139      0.625      0.575     -0.05 
   140      0.625      0.45      -0.175
   141      0.625      0.55      -0.075
   142      0.375      0.3       -0.075
   143      0.5        0.25      -0.25 
   144      0.625      0.3       -0.325
   145      0.125      0.275      0.15 
   146      0.625      0.525     -0.1  
   147      0.375      0.475      0.1  
   148      0.125      0.325      0.2  
   149      0.375      0.45       0.075
   150      0.625      0.475     -0.15 
   151      0.5        0.3       -0.2  
   152      0.375      0.425      0.05 
   153      0          0.5        0.5  
   154      0.625      0.5       -0.125
   155      0.125      0.3        0.175
   156      0.625      0.55      -0.075
   157      0.375      0.475      0.1  
   158      0.5        0.475     -0.025
   159      0.625      0.675      0.05 
   160      0          0.325      0.325
   161      0.625      0.4       -0.225
   162      0.75       0.375     -0.375
   163      0.375      0.325     -0.05 
   164      0          0.375      0.375
   165      0.25       0.575      0.325
   166      0.375      0.325     -0.05 
   167      0.5        0.55       0.05 
   168      0.375      0.25      -0.125
   169      0.375      0.575      0.2  
   170      0.5        0.5        0    
   171      0.25       0.6        0.35 
   172      0.625      0.525     -0.1  
   173      0.5        0.475     -0.025
   174      0.875      0.525     -0.35 
   175      0.25       0.3        0.05 
   176      0          0.125      0.125
   177      0.25       0.225     -0.025
   178      0.5        0.475     -0.025
   179      0.5        0.525      0.025
   180      0.5        0.3       -0.2  
   181      0.625      0.5       -0.125
   182      0.75       0.575     -0.175
   183      0.5        0.35      -0.15 
   184      0.625      0.475     -0.15 
   185      0.25       0.35       0.1  
   186      0.75       0.5       -0.25 
   187      0          0.225      0.225
   188      0.375      0.3       -0.075
   189      0.625      0.525     -0.1  
   190      0.375      0.5        0.125
   191      0          0.4        0.4  
   192      0.375      0.375      0    
   193      0.125      0.6        0.475
   194      0.375      0.4        0.025
   195          ?      0.25  
   196      0.5        0.475     -0.025
   197      0          0.275      0.275
   198      0.625      0.575     -0.05 
   199      0.625      0.625      0    
   200      0.75       0.575     -0.175
   201      0.375      0.3       -0.075
   202      0.875      0.55      -0.325
   203      0.25       0.55       0.3  
   204      0.25       0.25       0    
   205      0.875      0.6       -0.275
   206      0.625      0.5       -0.125
   207      0.375      0.45       0.075
   208      0.625      0.575     -0.05 
   209          ?      0.225 
   210      0          0.05       0.05 
   211      0.625      0.55      -0.075
   212      0.625      0.425     -0.2  
   213      0          0.4        0.4  
   214      0.5        0.275     -0.225
   215      0.625      0.5       -0.125
   216      0.375      0.2       -0.175
   217      0.375      0.4        0.025
   218      0.125      0.1       -0.025
   219      0.125      0.5        0.375
   220      0.375      0.325     -0.05 
   221      0.5        0.475     -0.025
   222      0.5        0.6        0.1  
   223      0.375      0.575      0.2  
   224      0.25       0.425      0.175
   225      0.75       0.425     -0.325
   226          ?      0.325 
   227      0.625      0.475     -0.15 
   228      0.625      0.575     -0.05 
   229      0.875      0.475     -0.4  
   230      0.5        0.325     -0.175
   231      0.5        0.5        0    
   232      0.625      0.275     -0.35 
   233      0.5        0.35      -0.15 
   234      0.5        0.45      -0.05 
   235      0.375      0.45       0.075
   236      0.125      0.375      0.25 
   237      0.25       0.6        0.35 
   238      0.25       0.4        0.15 
   239      0.5        0.45      -0.05 
   240      0.375      0.3       -0.075
   241      0.5        0.325     -0.175
   242      0.5        0.5        0    
     1      0.375      0.475      0.1  
     2      0.75       0.4       -0.35 
     3      0.5        0.45      -0.05 
     4      0.5        0.5        0    
     5      0.125      0.25       0.125
     6      0.625      0.575     -0.05 
     7      0.75       0.5       -0.25 
     8      0.5        0.55       0.05 
     9      0.625      0.475     -0.15 
    10      0.25       0.375      0.125
    11          ?      0.4   
    12      0.75       0.575     -0.175
    13      0.375      0.175     -0.2  
    14      0.5        0.625      0.125
    15      0.625      0.65       0.025
    16      0          0.275      0.275
    17      0.625      0.275     -0.35 
    18      0.375      0.3       -0.075
    19      0.625      0.5       -0.125
    20      0.375      0.3       -0.075
    21      0.375      0.25      -0.125
    22      0.625      0.6       -0.025
    23      0.625      0.25      -0.375
    24      0.625      0.525     -0.1  
    25      0.625      0.575     -0.05 
    26      0.5        0.4       -0.1  
    27      0.375      0.575      0.2  
    28          ?      0.125 
    29      0.5        0.45      -0.05 
    30      0.75       0.625     -0.125
    31      0.375      0.325     -0.05 
    32      0.5        0.3       -0.2  
    33      0.5        0.55       0.05 
    34      0.25       0.4        0.15 
    35      0.625      0.325     -0.3  
    36      0.625      0.45      -0.175
    37      0.125      0.125      0    
    38      0.5        0.5        0    
    39      0.375      0.475      0.1  
    40      0.25       0.3        0.05 
    41      0          0.4        0.4  
    42      0.5        0.425     -0.075
    43      0.5        0.4       -0.1  
    44      0.625      0.275     -0.35 
    45      0.5        0.45      -0.05 
    46      0.25       0.275      0.025
    47      0.25       0.5        0.25 
    48      0.5        0.35      -0.15 
    49      0.125      0.475      0.35 
    50      0.375      0.35      -0.025
    51      0.5        0.325     -0.175
    52      0.75       0.45      -0.3  
    53      0.25       0.275      0.025
    54      0.125      0.225      0.1  
    55      0.625      0.35      -0.275
    56      0.5        0.4       -0.1  
    57      0.75       0.425     -0.325
    58      0.375      0.45       0.075
    59      0          0.275      0.275
    60      0.625      0.5       -0.125
    61      0.25       0.425      0.175
    62      0.625      0.525     -0.1  
    63      0.625      0.35      -0.275
    64      0.625      0.475     -0.15 
    65      0.625      0.475     -0.15 
    66      0.25       0.375      0.125
    67      0.75       0.6       -0.15 
    68          ?      0.55  
    69          ?      0.35  
    70      0.5        0.525      0.025
    71      0.5        0.3       -0.2  
    72      0.625      0.5       -0.125
    73      0.75       0.55      -0.2  
    74      0.375      0.325     -0.05 
    75      0.625      0.675      0.05 
    76      0.25       0.275      0.025
    77      0.875      0.4       -0.475
    78      0.375      0.375      0    
    79      0.125      0.45       0.325
    80      0.625      0.525     -0.1  
    81          ?      0.6   
    82      0.5        0.475     -0.025
    83      0.5        0.5        0    
    84      0.375      0.4        0.025
    85      0.75       0.525     -0.225
    86          ?      0.25  
    87      0.375      0.425      0.05 
    88      0.625      0.375     -0.25 
    89      0.375      0.275     -0.1  
    90      0.625      0.325     -0.3  
    91      0          0.35       0.35 
    92      0.5        0.425     -0.075
    93      0.375      0.45       0.075
    94      0.625      0.6       -0.025
    95      0.5        0.45      -0.05 
    96      0.5        0.675      0.175
    97      0.75       0.425     -0.325
    98      0.5        0.65       0.15 
    99      0.625      0.525     -0.1  
   100      0.75       0.675     -0.075
   101      0.625      0.275     -0.35 
   102      0.375      0.4        0.025
   103      0.5        0.5        0    
   104      0.75       0.7       -0.05 
   105      0.5        0.475     -0.025
   106      0.75       0.525     -0.225
   107      0.625      0.425     -0.2  
   108          ?      0.5   
   109      0.625      0.675      0.05 
   110      0.5        0.3       -0.2  
   111      0.375      0.35      -0.025
   112      0.625      0.725      0.1  
   113      0.375      0.25      -0.125
   114      0.625      0.65       0.025
   115      0.375      0.525      0.15 
   116      0.5        0.525      0.025
   117      0.5        0.525      0.025
   118      0.75       0.75       0    
   119      0.625      0.475     -0.15 
   120      0.625      0.425     -0.2  
   121      0.375      0.05      -0.325
   122      0.625      0.55      -0.075
   123      0.875      0.525     -0.35 
   124      0.625      0.55      -0.075
   125      0.375      0.575      0.2  
   126      0.625      0.45      -0.175
   127      0.25       0.5        0.25 
   128      0.625      0.3       -0.325
   129      0.5        0.45      -0.05 
   130      0.625      0.6       -0.025
   131      0.375      0.475      0.1  
   132      0.5        0.475     -0.025
   133          ?      0.275 
   134      0.375      0.325     -0.05 
   135      0.875      0.375     -0.5  
   136      0.875      0.525     -0.35 
   137      0.625      0.5       -0.125
   138      0.375      0.7        0.325
   139      0.375      0.35      -0.025
   140      0.5        0.475     -0.025
   141      0.375      0.525      0.15 
   142      0.25       0.475      0.225
   143      0.75       0.425     -0.325
   144      0.375      0.525      0.15 
   145      0.25       0.3        0.05 
   146      0.375      0.725      0.35 
   147      0.25       0.575      0.325
   148      0.375      0.325     -0.05 
   149          ?      0.275 
   150      0.125      0.4        0.275
   151          ?      0.225 
   152      0.625      0.6       -0.025
   153      0          0.25       0.25 
   154      0.375      0.4        0.025
   155      0.75       0.55      -0.2  
   156      0.5        0.45      -0.05 
   157      0.5        0.475     -0.025
   158      0.5        0.475     -0.025
   159      0.625      0.625      0    
   160      0          0.275      0.275
   161      0.5        0.5        0    
   162      0.5        0.65       0.15 
   163      0.375      0.25      -0.125
   164      0.625      0.325     -0.3  
   165      0.75       0.425     -0.325
   166      0.375      0.575      0.2  
   167      0.5        0.375     -0.125
   168      0.5        0.45      -0.05 
   169      0.625      0.575     -0.05 
   170      0.625      0.625      0    
   171      0.375      0.525      0.15 
   172      0.5        0.525      0.025
   173      0.25       0.375      0.125
   174      0.75       0.5       -0.25 
   175      0.75       0.65      -0.1  
   176      0.625      0.625      0    
   177      0.375      0.25      -0.125
   178      0.5        0.425     -0.075
   179      0.625      0.55      -0.075
   180      0.625      0.625      0    
   181      0.5        0.3       -0.2  
   182      0.5        0.55       0.05 
   183      0.75       0.425     -0.325
   184      0.625      0.6       -0.025
   185      0.625      0.55      -0.075
   186      0.5        0.475     -0.025
   187      0.25       0.35       0.1  
   188      0.25       0.4        0.15 
   189      0.375      0.575      0.2  
   190      0.375      0.55       0.175
   191      0.75       0.55      -0.2  
   192      0.5        0.45      -0.05 
   193      0.75       0.625     -0.125
   194      0.75       0.45      -0.3  
   195      0.875      0.7       -0.175
   196      0.625      0.525     -0.1  
   197      0.375      0.475      0.1  
   198      0.375      0.5        0.125
   199      0          0.35       0.35 
   200      0.625      0.3       -0.325
   201      0.625      0.5       -0.125
   202      0.125      0.375      0.25 
   203      0.25       0.525      0.275
   204      0.625      0.475     -0.15 
   205      0.375      0.4        0.025
   206      0.875      0.65      -0.225
   207      0.5        0.375     -0.125
   208      0.375      0.375      0    
   209      0.375      0.3       -0.075
   210      0.625      0.475     -0.15 
   211      0.5        0.35      -0.15 
   212      0.125      0.35       0.225
   213      0.875      0.35      -0.525
   214      0.375      0.35      -0.025
   215      0.375      0.475      0.1  
   216          ?      0.4   
   217      0.5        0.525      0.025
   218      0.375      0.5        0.125
   219      0.375      0.5        0.125
   220      0.375      0.625      0.25 
   221      0.375      0.325     -0.05 
   222      0.25       0.4        0.15 
   223      0.625      0.725      0.1  
   224      0.75       0.5       -0.25 
   225      0.375      0.15      -0.225
   226          ?      0.525 
   227      0.625      0.575     -0.05 
   228      0.625      0.5       -0.125
   229      0.5        0.25      -0.25 
   230      0.5        0.55       0.05 
   231      0.25       0.6        0.35 
   232      0.75       0.35      -0.4  
   233      0.75       0.55      -0.2  
   234      0.5        0.475     -0.025
   235      0.625      0.45      -0.175
   236      0.75       0.525     -0.225
   237      0.5        0.425     -0.075
   238      0.625      0.325     -0.3  
   239      0.625      0.65       0.025
   240      0.5        0.725      0.225
   241      0.375      0.3       -0.075
   242      0.5        0.55       0.05 
     1      0.375      0.525      0.15 
     2      0.375      0.425      0.05 
     3      0.25       0.25       0    
     4      0.5        0.45      -0.05 
     5      0.625      0.575     -0.05 
     6      0.5        0.275     -0.225
     7      0.625      0.4       -0.225
     8      0.75       0.675     -0.075
     9      1          0.325     -0.675
    10      0.125      0.275      0.15 
    11          ?      0.225 
    12      0.375      0.375      0    
    13      0.75       0.575     -0.175
    14      0.625      0.15      -0.475
    15          ?      0.25  
    16          ?      0.3   
    17      0.5        0.55       0.05 
    18      0.5        0.475     -0.025
    19      0.25       0.55       0.3  
    20      0.5        0.425     -0.075
    21      0.75       0.4       -0.35 
    22      0.375      0.575      0.2  
    23      0.75       0.45      -0.3  
    24      0.375      0.425      0.05 
    25      0.5        0.625      0.125
    26      0          0.225      0.225
    27      0.375      0.275     -0.1  
    28      0.75       0.7       -0.05 
    29      0.125      0.4        0.275
    30      0.75       0.475     -0.275
    31      0.625      0.625      0    
    32      0.75       0.525     -0.225
    33      0          0.35       0.35 
    34      0.5        0.5        0    
    35      0.375      0.475      0.1  
    36      0.25       0.4        0.15 
    37      0.375      0.375      0    
    38      0.5        0.375     -0.125
    39      0.625      0.65       0.025
    40      0.5        0.5        0    
    41      0.25       0.3        0.05 
    42      0.375      0.525      0.15 
    43      0.375      0.375      0    
    44      0.5        0.5        0    
    45      0.5        0.475     -0.025
    46      0          0.4        0.4  
    47      0.625      0.325     -0.3  
    48      0.625      0.3       -0.325
    49      0.625      0.65       0.025
    50      0.75       0.65      -0.1  
    51      0.75       0.575     -0.175
    52      0.625      0.45      -0.175
    53      0.375      0.525      0.15 
    54      0.5        0.4       -0.1  
    55      0.625      0.625      0    
    56          ?      0.35  
    57      0.875      0.525     -0.35 
    58      0.5        0.225     -0.275
    59      0          0.5        0.5  
    60      0.75       0.75       0    
    61      0          0.275      0.275
    62      0.625      0.65       0.025
    63      0.5        0.45      -0.05 
    64      0.375      0.35      -0.025
    65      0.375      0.5        0.125
    66      0.5        0.45      -0.05 
    67      0.25       0.325      0.075
    68      0.25       0.125     -0.125
    69      0.625      0.425     -0.2  
    70      0.5        0.5        0    
    71      0.375      0.4        0.025
    72      0.5        0.5        0    
    73      0          0.35       0.35 
    74      0.25       0.5        0.25 
    75      0.5        0.3       -0.2  
    76      0.75       0.5       -0.25 
    77      0.375      0.475      0.1  
    78      0.375      0.275     -0.1  
    79      0          0.275      0.275
    80      0.875      0.7       -0.175
    81      0.875      0.175     -0.7  
    82      0.5        0.525      0.025
    83      0.625      0.4       -0.225
    84      0.5        0.225     -0.275
    85      0.625      0.625      0    
    86      0.5        0.575      0.075
    87          ?      0.575 
    88      0.625      0.35      -0.275
    89      0.375      0.25      -0.125
    90      0.75       0.525     -0.225
    91      0.375      0.275     -0.1  
    92      0.75       0.675     -0.075
    93      0.375      0.5        0.125
    94      0.625      0.5       -0.125
    95      0.5        0.35      -0.15 
    96      0.5        0.425     -0.075
    97      0.375      0.4        0.025
    98      0          0.375      0.375
    99      0.625      0.65       0.025
   100      0.5        0.6        0.1  
   101      0.625      0.7        0.075
   102      0.5        0.625      0.125
   103      0.625      0.45      -0.175
   104      0.5        0.45      -0.05 
   105      0.375      0.35      -0.025
   106      0.375      0.2       -0.175
   107      0.375      0.45       0.075
   108      0.75       0.525     -0.225
   109      0.625      0.45      -0.175
   110      0.25       0.5        0.25 
   111      0.375      0.2       -0.175
   112      0.75       0.675     -0.075
   113      0.375      0.3       -0.075
   114      0.625      0.525     -0.1  
   115      0.375      0.65       0.275
   116      0.75       0.425     -0.325
   117      0.375      0.2       -0.175
   118      0.625      0.35      -0.275
   119      0.625      0.45      -0.175
   120      0.75       0.525     -0.225
   121      0.625      0.4       -0.225
   122      0.375      0.375      0    
   123      0.625      0.525     -0.1  
   124      0.25       0.525      0.275
   125      0          0.375      0.375
   126      0.75       0.6       -0.15 
   127      0.625      0.45      -0.175
   128      0          0.275      0.275
   129      0.75       0.5       -0.25 
   130      0.125      0.125      0    
   131      0.375      0.375      0    
   132      0.5        0.65       0.15 
   133      0.5        0.55       0.05 
   134      0.5        0.4       -0.1  
   135      0.5        0.475     -0.025
   136      0.5        0.375     -0.125
   137      0          0.175      0.175
   138      0.5        0.6        0.1  
   139      0.5        0.575      0.075
   140      0.625      0.6       -0.025
   141      0.375      0.525      0.15 
   142      0          0.5        0.5  
   143      0.25       0.2       -0.05 
   144      0.5        0.625      0.125
   145          ?      0.225 
   146      0.625      0.475     -0.15 
   147      0.375      0.425      0.05 
   148      0.5        0.4       -0.1  
   149      0.75       0.575     -0.175
   150      0.625      0.5       -0.125
   151      0.375      0.35      -0.025
   152      0.875      0.6       -0.275
   153      0.75       0.525     -0.225
   154      0.5        0.6        0.1  
   155      0.625      0.525     -0.1  
   156      0.25       0.525      0.275
   157      0.625      0.575     -0.05 
   158      0.625      0.3       -0.325
   159          ?      0.675 
   160      0.375      0.425      0.05 
   161      0          0.275      0.275
   162      0.125      0.35       0.225
   163      0.5        0.3       -0.2  
   164      0.375      0.375      0    
   165      1          0.7       -0.3  
   166      0.375      0.55       0.175
   167      0.75       0.525     -0.225
   168      0.125      0.4        0.275
   169      0.375      0.525      0.15 
   170      0          0.425      0.425
   171      0.25       0.275      0.025
   172      0.5        0.6        0.1  
   173      0.5        0.5        0    
   174      0.25       0.375      0.125
   175      0.5        0.375     -0.125
   176      0.5        0.375     -0.125
   177      0.5        0.475     -0.025
   178      0.25       0.525      0.275
   179      0.25       0.625      0.375
   180      0.5        0.5        0    
   181      0.25       0.3        0.05 
   182      0.75       0.55      -0.2  
   183      0.375      0.575      0.2  
   184      0.125      0.35       0.225
   185      0.625      0.425     -0.2  
   186      0          0.125      0.125
   187      0          0.275      0.275
   188      0.5        0.5        0    
   189      0.375      0.475      0.1  
   190      0.125      0.4        0.275
   191      0.625      0.425     -0.2  
   192      0.625      0.3       -0.325
   193      0.625      0.525     -0.1  
   194      0.375      0.375      0    
   195      0.75       0.575     -0.175
   196      0.75       0.3       -0.45 
   197      0.75       0.475     -0.275
   198      0.125      0.375      0.25 
   199      0.5        0.25      -0.25 
   200      0.625      0.525     -0.1  
   201      0.625      0.425     -0.2  
   202          ?      0.4   
   203      0.375      0.275     -0.1  
   204      0.25       0.375      0.125
   205      0.75       0.6       -0.15 
   206      0.5        0.475     -0.025
   207      0.375      0.15      -0.225
   208      0.5        0.575      0.075
   209      0.625      0.325     -0.3  
   210          ?      0.625 
   211      0.875      0.625     -0.25 
   212      0.375      0.5        0.125
   213      0.625      0.65       0.025
   214      0.25       0.225     -0.025
   215      0.25       0.375      0.125
   216      0.75       0.525     -0.225
   217      0.375      0.175     -0.2  
   218      0.375      0.45       0.075
   219      0.25       0.45       0.2  
   220      0.875      0.725     -0.15 
   221      1          0.75      -0.25 
   222      0.75       0.475     -0.275
   223      0.625      0.5       -0.125
   224          ?      0.15  
   225      0.625      0.525     -0.1  
   226      0.5        0.575      0.075
   227      0.375      0.35      -0.025
   228      0.375      0.425      0.05 
   229      0          0.4        0.4  
   230      0.5        0.525      0.025
   231      0.5        0.275     -0.225
   232      0.75       0.55      -0.2  
   233      0.875      0.775     -0.1  
   234      0.625      0.625      0    
   235      0.5        0.35      -0.15 
   236      0.25       0.425      0.175
   237      0.625      0.675      0.05 
   238      0.375      0.475      0.1  
   239      0.25       0.3        0.05 
   240      0.25       0.45       0.2  
   241      0.75       0.3       -0.45 
   242          ?      0.375 

=== Cross-validation ===
=== Summary ===

Correlation coefficient                  0.424 
Mean absolute error                      0.1556
Root mean squared error                  0.2001
Relative absolute error                 89.7336 %
Root relative squared error             92.4734 %
Total Number of Instances             2305     
Ignored Class Unknown Instances                120     

