=== Run information ===

Scheme:weka.classifiers.rules.ZeroR 
Relation:     data-weka.filters.unsupervised.attribute.Normalize-S1.0-T0.0
Instances:    2425
Attributes:   44
              alexa_has_adult_content
              alexa_lang
              alexa_links_in
              alexa_load_time
              alexa_rank
              alexa_rank_dk
              cms
              external_links_count
              facebook_share
              has_analytics
              has_content_business
              has_content_film
              has_content_food
              has_content_games
              has_content_health
              has_content_music
              has_content_news
              has_content_shop
              has_content_sport
              has_content_technology
              has_content_transport
              has_content_xxx
              has_description
              has_js_angular
              has_js_backbone
              has_js_dojo
              has_js_ember
              has_js_handlebars
              has_js_jquery
              has_js_knockout
              has_js_modernizr
              has_js_mootools
              has_js_prototype
              has_js_underscore
              has_keywords
              html5
              html5_tags
              img_count
              internal_links_count
              page_rank
              server
              title_tag
              twitter_share
              xhtml
Test mode:10-fold cross-validation

=== Classifier model (full training set) ===

ZeroR predicts class value: 0.46643167028199567

Time taken to build model: 0 seconds

=== Predictions ontest data===

inst#,    actual, predicted, error
     1      0.625      0.469     -0.156
     2      0.25       0.469      0.219
     3      0.375      0.469      0.094
     4      0.75       0.469     -0.281
     5      0.5        0.469     -0.031
     6      0.75       0.469     -0.281
     7          ?      0.469 
     8      0.625      0.469     -0.156
     9      0          0.469      0.469
    10      0.5        0.469     -0.031
    11      0.625      0.469     -0.156
    12      0.5        0.469     -0.031
    13      0          0.469      0.469
    14      0.5        0.469     -0.031
    15      0.625      0.469     -0.156
    16      0.375      0.469      0.094
    17      0.625      0.469     -0.156
    18      0.25       0.469      0.219
    19      0.25       0.469      0.219
    20      0.5        0.469     -0.031
    21      0.5        0.469     -0.031
    22      0.5        0.469     -0.031
    23      0.25       0.469      0.219
    24      0.75       0.469     -0.281
    25      0.75       0.469     -0.281
    26      0.125      0.469      0.344
    27      0.375      0.469      0.094
    28      0.5        0.469     -0.031
    29      0          0.469      0.469
    30      0.25       0.469      0.219
    31      0.5        0.469     -0.031
    32      0.5        0.469     -0.031
    33      0.625      0.469     -0.156
    34      0.5        0.469     -0.031
    35      0.5        0.469     -0.031
    36      0.375      0.469      0.094
    37      0.25       0.469      0.219
    38      0.5        0.469     -0.031
    39      0.625      0.469     -0.156
    40      0.5        0.469     -0.031
    41      0.25       0.469      0.219
    42      0          0.469      0.469
    43      0.5        0.469     -0.031
    44      0.5        0.469     -0.031
    45      0          0.469      0.469
    46      0.75       0.469     -0.281
    47      0.875      0.469     -0.406
    48      0.5        0.469     -0.031
    49      0.5        0.469     -0.031
    50      0.125      0.469      0.344
    51      0          0.469      0.469
    52      0.125      0.469      0.344
    53      0.5        0.469     -0.031
    54      0.75       0.469     -0.281
    55      0.375      0.469      0.094
    56      0.625      0.469     -0.156
    57      0.5        0.469     -0.031
    58      0          0.469      0.469
    59      0.25       0.469      0.219
    60      0.75       0.469     -0.281
    61      0.375      0.469      0.094
    62      0.25       0.469      0.219
    63      0.25       0.469      0.219
    64      0.25       0.469      0.219
    65      0.375      0.469      0.094
    66      0.625      0.469     -0.156
    67      0.5        0.469     -0.031
    68      0.625      0.469     -0.156
    69      0.25       0.469      0.219
    70      0.75       0.469     -0.281
    71      0.625      0.469     -0.156
    72      0          0.469      0.469
    73      0.25       0.469      0.219
    74      0.75       0.469     -0.281
    75      0.5        0.469     -0.031
    76          ?      0.469 
    77      0.5        0.469     -0.031
    78      0.5        0.469     -0.031
    79      0.875      0.469     -0.406
    80      0.5        0.469     -0.031
    81      0.5        0.469     -0.031
    82      0.375      0.469      0.094
    83      0.5        0.469     -0.031
    84      0          0.469      0.469
    85      0.375      0.469      0.094
    86      0.125      0.469      0.344
    87      0.75       0.469     -0.281
    88      0.625      0.469     -0.156
    89      0.625      0.469     -0.156
    90      0.75       0.469     -0.281
    91      0.5        0.469     -0.031
    92      0.25       0.469      0.219
    93      0.5        0.469     -0.031
    94      0.5        0.469     -0.031
    95          ?      0.469 
    96      0.75       0.469     -0.281
    97      0.5        0.469     -0.031
    98      0.5        0.469     -0.031
    99      0.5        0.469     -0.031
   100      0.375      0.469      0.094
   101      0.375      0.469      0.094
   102          ?      0.469 
   103      0.625      0.469     -0.156
   104      0.375      0.469      0.094
   105      0.375      0.469      0.094
   106      0.625      0.469     -0.156
   107      0.375      0.469      0.094
   108      0.75       0.469     -0.281
   109      0.5        0.469     -0.031
   110      0.125      0.469      0.344
   111      0.75       0.469     -0.281
   112      0.375      0.469      0.094
   113      0.5        0.469     -0.031
   114      0.125      0.469      0.344
   115      0.375      0.469      0.094
   116      0.25       0.469      0.219
   117      0.5        0.469     -0.031
   118      0.5        0.469     -0.031
   119      0.625      0.469     -0.156
   120      0.625      0.469     -0.156
   121      0.375      0.469      0.094
   122      0.375      0.469      0.094
   123      0.625      0.469     -0.156
   124      0.625      0.469     -0.156
   125      0          0.469      0.469
   126      0.25       0.469      0.219
   127      0.375      0.469      0.094
   128      0.25       0.469      0.219
   129      0.25       0.469      0.219
   130      0.625      0.469     -0.156
   131      0.25       0.469      0.219
   132      0.625      0.469     -0.156
   133      0.625      0.469     -0.156
   134      0.5        0.469     -0.031
   135      0          0.469      0.469
   136      0.625      0.469     -0.156
   137      0.75       0.469     -0.281
   138          ?      0.469 
   139      0.5        0.469     -0.031
   140      0.375      0.469      0.094
   141      0.75       0.469     -0.281
   142      0.625      0.469     -0.156
   143      0.25       0.469      0.219
   144      0.375      0.469      0.094
   145      0.25       0.469      0.219
   146      0.875      0.469     -0.406
   147      0.625      0.469     -0.156
   148      0.125      0.469      0.344
   149      0.25       0.469      0.219
   150      0.25       0.469      0.219
   151      0.25       0.469      0.219
   152      0.25       0.469      0.219
   153      0.375      0.469      0.094
   154      0.5        0.469     -0.031
   155      0.375      0.469      0.094
   156      0.125      0.469      0.344
   157      0.375      0.469      0.094
   158      0.625      0.469     -0.156
   159      0.25       0.469      0.219
   160      0.375      0.469      0.094
   161      0.375      0.469      0.094
   162      0.375      0.469      0.094
   163          ?      0.469 
   164          ?      0.469 
   165      0.5        0.469     -0.031
   166      0.5        0.469     -0.031
   167      0.5        0.469     -0.031
   168      0.25       0.469      0.219
   169      0.375      0.469      0.094
   170      0.25       0.469      0.219
   171      0.125      0.469      0.344
   172      0.875      0.469     -0.406
   173      0.875      0.469     -0.406
   174      0.5        0.469     -0.031
   175      0.5        0.469     -0.031
   176      0.75       0.469     -0.281
   177      0.625      0.469     -0.156
   178      0.625      0.469     -0.156
   179      0.5        0.469     -0.031
   180      0.25       0.469      0.219
   181      0.25       0.469      0.219
   182      0.5        0.469     -0.031
   183      0.375      0.469      0.094
   184      0.625      0.469     -0.156
   185      0.125      0.469      0.344
   186      0.5        0.469     -0.031
   187      0.875      0.469     -0.406
   188      0.375      0.469      0.094
   189      0.125      0.469      0.344
   190      0.125      0.469      0.344
   191      0.375      0.469      0.094
   192      0.75       0.469     -0.281
   193      0.375      0.469      0.094
   194      0.5        0.469     -0.031
   195      0.375      0.469      0.094
   196      0.75       0.469     -0.281
   197          ?      0.469 
   198      0.375      0.469      0.094
   199      0.75       0.469     -0.281
   200      0.375      0.469      0.094
   201      0.5        0.469     -0.031
   202      0.5        0.469     -0.031
   203      0.125      0.469      0.344
   204      0          0.469      0.469
   205      0.375      0.469      0.094
   206      0.5        0.469     -0.031
   207      0.625      0.469     -0.156
   208      0.5        0.469     -0.031
   209      0.375      0.469      0.094
   210      0.625      0.469     -0.156
   211      0.5        0.469     -0.031
   212          ?      0.469 
   213      0.125      0.469      0.344
   214      0.125      0.469      0.344
   215      0.75       0.469     -0.281
   216      0          0.469      0.469
   217      0.375      0.469      0.094
   218      0.625      0.469     -0.156
   219      0.5        0.469     -0.031
   220      0.375      0.469      0.094
   221      0.75       0.469     -0.281
   222      0.75       0.469     -0.281
   223      0.125      0.469      0.344
   224      0.375      0.469      0.094
   225      0.125      0.469      0.344
   226      0.5        0.469     -0.031
   227          ?      0.469 
   228      0.625      0.469     -0.156
   229      0.5        0.469     -0.031
   230      0.25       0.469      0.219
   231      0.75       0.469     -0.281
   232      0.75       0.469     -0.281
   233      0.5        0.469     -0.031
   234      0.75       0.469     -0.281
   235      0.375      0.469      0.094
   236      0.375      0.469      0.094
   237      0.75       0.469     -0.281
   238      0.625      0.469     -0.156
   239      0.375      0.469      0.094
   240      0.75       0.469     -0.281
   241      0.375      0.469      0.094
   242      0.5        0.469     -0.031
   243      0.75       0.469     -0.281
     1          ?      0.464 
     2      0.25       0.464      0.214
     3      0.5        0.464     -0.036
     4      0.5        0.464     -0.036
     5      0.5        0.464     -0.036
     6      0.375      0.464      0.089
     7      0.125      0.464      0.339
     8      0.625      0.464     -0.161
     9      0.625      0.464     -0.161
    10      0.625      0.464     -0.161
    11      0.375      0.464      0.089
    12      0.5        0.464     -0.036
    13          ?      0.464 
    14      0.25       0.464      0.214
    15          ?      0.464 
    16      0.25       0.464      0.214
    17      0.75       0.464     -0.286
    18      0.625      0.464     -0.161
    19      0.875      0.464     -0.411
    20      0.75       0.464     -0.286
    21      0.625      0.464     -0.161
    22      0.625      0.464     -0.161
    23      0.5        0.464     -0.036
    24      0.125      0.464      0.339
    25      0.5        0.464     -0.036
    26      0.75       0.464     -0.286
    27      0.625      0.464     -0.161
    28      0.5        0.464     -0.036
    29      0          0.464      0.464
    30      0.375      0.464      0.089
    31      0.5        0.464     -0.036
    32      0.25       0.464      0.214
    33      0.5        0.464     -0.036
    34      0.75       0.464     -0.286
    35      0.375      0.464      0.089
    36      0.5        0.464     -0.036
    37      0.375      0.464      0.089
    38      0.625      0.464     -0.161
    39      0.375      0.464      0.089
    40      0.5        0.464     -0.036
    41      0.625      0.464     -0.161
    42      0.5        0.464     -0.036
    43      0.75       0.464     -0.286
    44      0          0.464      0.464
    45      0.375      0.464      0.089
    46      0.5        0.464     -0.036
    47      0.625      0.464     -0.161
    48      0.25       0.464      0.214
    49      0.75       0.464     -0.286
    50      0.625      0.464     -0.161
    51      0.5        0.464     -0.036
    52      0.5        0.464     -0.036
    53      0.5        0.464     -0.036
    54      0.25       0.464      0.214
    55          ?      0.464 
    56      0.25       0.464      0.214
    57      0.375      0.464      0.089
    58      0.5        0.464     -0.036
    59      0.625      0.464     -0.161
    60      0.75       0.464     -0.286
    61      0.25       0.464      0.214
    62      0.375      0.464      0.089
    63          ?      0.464 
    64      0.75       0.464     -0.286
    65      0.375      0.464      0.089
    66          ?      0.464 
    67      0.375      0.464      0.089
    68      0.75       0.464     -0.286
    69      0.625      0.464     -0.161
    70      0.625      0.464     -0.161
    71      0.375      0.464      0.089
    72      0.375      0.464      0.089
    73      0.5        0.464     -0.036
    74      0.625      0.464     -0.161
    75      0.625      0.464     -0.161
    76      0.625      0.464     -0.161
    77      0.5        0.464     -0.036
    78      0.5        0.464     -0.036
    79      0.875      0.464     -0.411
    80      0.625      0.464     -0.161
    81      0.75       0.464     -0.286
    82      0.5        0.464     -0.036
    83      0          0.464      0.464
    84      0.375      0.464      0.089
    85      0.5        0.464     -0.036
    86      0.625      0.464     -0.161
    87      0.375      0.464      0.089
    88      0.375      0.464      0.089
    89      0          0.464      0.464
    90      0.375      0.464      0.089
    91      0.625      0.464     -0.161
    92      0.75       0.464     -0.286
    93      0.375      0.464      0.089
    94      0.5        0.464     -0.036
    95      0.5        0.464     -0.036
    96      0.75       0.464     -0.286
    97      0.75       0.464     -0.286
    98      0          0.464      0.464
    99      0.5        0.464     -0.036
   100      0          0.464      0.464
   101      0.5        0.464     -0.036
   102      0.125      0.464      0.339
   103      0.5        0.464     -0.036
   104      0.875      0.464     -0.411
   105      0.5        0.464     -0.036
   106      0.625      0.464     -0.161
   107      0.375      0.464      0.089
   108      0.375      0.464      0.089
   109      0.625      0.464     -0.161
   110      0.625      0.464     -0.161
   111      0.5        0.464     -0.036
   112          ?      0.464 
   113      0          0.464      0.464
   114      0.625      0.464     -0.161
   115      0.5        0.464     -0.036
   116      0.375      0.464      0.089
   117      0.375      0.464      0.089
   118      0.25       0.464      0.214
   119      0.75       0.464     -0.286
   120      0.75       0.464     -0.286
   121      0.25       0.464      0.214
   122      0.75       0.464     -0.286
   123      0.375      0.464      0.089
   124      0.375      0.464      0.089
   125      0.625      0.464     -0.161
   126      0.375      0.464      0.089
   127      0.875      0.464     -0.411
   128      0.375      0.464      0.089
   129      0.625      0.464     -0.161
   130      0.625      0.464     -0.161
   131      0.125      0.464      0.339
   132      0.5        0.464     -0.036
   133      0.375      0.464      0.089
   134      0.75       0.464     -0.286
   135      0.625      0.464     -0.161
   136      0.125      0.464      0.339
   137      0.5        0.464     -0.036
   138      0.25       0.464      0.214
   139      0.375      0.464      0.089
   140      0.375      0.464      0.089
   141      0.25       0.464      0.214
   142      0.5        0.464     -0.036
   143      0.875      0.464     -0.411
   144      0.75       0.464     -0.286
   145      0.625      0.464     -0.161
   146      0.875      0.464     -0.411
   147      0.5        0.464     -0.036
   148      0.375      0.464      0.089
   149      0.375      0.464      0.089
   150      0.625      0.464     -0.161
   151      0.5        0.464     -0.036
   152      0.125      0.464      0.339
   153          ?      0.464 
   154      0.125      0.464      0.339
   155      0.375      0.464      0.089
   156      1          0.464     -0.536
   157      0.875      0.464     -0.411
   158      0.625      0.464     -0.161
   159      0.125      0.464      0.339
   160      0.625      0.464     -0.161
   161      0.5        0.464     -0.036
   162      0.5        0.464     -0.036
   163      0.5        0.464     -0.036
   164      0.25       0.464      0.214
   165          ?      0.464 
   166      0.875      0.464     -0.411
   167      0.375      0.464      0.089
   168      0.75       0.464     -0.286
   169      0.25       0.464      0.214
   170      0.5        0.464     -0.036
   171      0.75       0.464     -0.286
   172      0.625      0.464     -0.161
   173      0.75       0.464     -0.286
   174      0          0.464      0.464
   175      0.5        0.464     -0.036
   176      0.625      0.464     -0.161
   177      0.625      0.464     -0.161
   178      0.5        0.464     -0.036
   179      0.875      0.464     -0.411
   180      0.5        0.464     -0.036
   181      0.25       0.464      0.214
   182          ?      0.464 
   183      0.375      0.464      0.089
   184      0.375      0.464      0.089
   185      0          0.464      0.464
   186      0.5        0.464     -0.036
   187      0.375      0.464      0.089
   188      0.25       0.464      0.214
   189      0.625      0.464     -0.161
   190      0.75       0.464     -0.286
   191      0.5        0.464     -0.036
   192      0.625      0.464     -0.161
   193      0.625      0.464     -0.161
   194      0.5        0.464     -0.036
   195      0          0.464      0.464
   196          ?      0.464 
   197      0.625      0.464     -0.161
   198      0.625      0.464     -0.161
   199      0.375      0.464      0.089
   200          ?      0.464 
   201      0          0.464      0.464
   202      0          0.464      0.464
   203      0.5        0.464     -0.036
   204      0.625      0.464     -0.161
   205      0.75       0.464     -0.286
   206      0.625      0.464     -0.161
   207      0.25       0.464      0.214
   208          ?      0.464 
   209      0.5        0.464     -0.036
   210      0.25       0.464      0.214
   211      0.5        0.464     -0.036
   212      0.75       0.464     -0.286
   213      0.375      0.464      0.089
   214      0.375      0.464      0.089
   215      0.375      0.464      0.089
   216          ?      0.464 
   217      0.5        0.464     -0.036
   218      0.375      0.464      0.089
   219      0.625      0.464     -0.161
   220      0.375      0.464      0.089
   221      0.625      0.464     -0.161
   222      0.75       0.464     -0.286
   223          ?      0.464 
   224      0.625      0.464     -0.161
   225      0          0.464      0.464
   226      0.875      0.464     -0.411
   227      0.625      0.464     -0.161
   228          ?      0.464 
   229      0.5        0.464     -0.036
   230      0.375      0.464      0.089
   231      0.25       0.464      0.214
   232      0.5        0.464     -0.036
   233      0.75       0.464     -0.286
   234      0.75       0.464     -0.286
   235      0.625      0.464     -0.161
   236      0.375      0.464      0.089
   237      0.5        0.464     -0.036
   238      0.375      0.464      0.089
   239      0.75       0.464     -0.286
   240      0.375      0.464      0.089
   241      0.625      0.464     -0.161
   242      0.5        0.464     -0.036
   243      0.625      0.464     -0.161
     1      0.625      0.468     -0.157
     2      0.5        0.468     -0.032
     3      0.25       0.468      0.218
     4      0.5        0.468     -0.032
     5      0.25       0.468      0.218
     6      0.625      0.468     -0.157
     7      0.375      0.468      0.093
     8      0.5        0.468     -0.032
     9          ?      0.468 
    10      0.625      0.468     -0.157
    11      0.375      0.468      0.093
    12      0.75       0.468     -0.282
    13      0.25       0.468      0.218
    14      0.125      0.468      0.343
    15      0.625      0.468     -0.157
    16      0.75       0.468     -0.282
    17      0.75       0.468     -0.282
    18      0.125      0.468      0.343
    19      0          0.468      0.468
    20      0.5        0.468     -0.032
    21      0.375      0.468      0.093
    22      0.5        0.468     -0.032
    23      0          0.468      0.468
    24      0.625      0.468     -0.157
    25      0.625      0.468     -0.157
    26      0.5        0.468     -0.032
    27      0.375      0.468      0.093
    28      0.375      0.468      0.093
    29      0.625      0.468     -0.157
    30      0.375      0.468      0.093
    31      0.25       0.468      0.218
    32      0.625      0.468     -0.157
    33      0.375      0.468      0.093
    34      0.25       0.468      0.218
    35      0.5        0.468     -0.032
    36      0          0.468      0.468
    37      0.625      0.468     -0.157
    38      0.625      0.468     -0.157
    39      0.5        0.468     -0.032
    40      0.75       0.468     -0.282
    41      0.125      0.468      0.343
    42      0.5        0.468     -0.032
    43      0.25       0.468      0.218
    44      0.625      0.468     -0.157
    45      0.375      0.468      0.093
    46      0.125      0.468      0.343
    47      0.75       0.468     -0.282
    48      0.5        0.468     -0.032
    49      0.625      0.468     -0.157
    50      0.5        0.468     -0.032
    51      0.25       0.468      0.218
    52      0.25       0.468      0.218
    53          ?      0.468 
    54      0.125      0.468      0.343
    55      0.5        0.468     -0.032
    56      0.125      0.468      0.343
    57      0.5        0.468     -0.032
    58      0.375      0.468      0.093
    59      0.625      0.468     -0.157
    60      0.75       0.468     -0.282
    61      0.875      0.468     -0.407
    62      0.375      0.468      0.093
    63      0.25       0.468      0.218
    64      0.375      0.468      0.093
    65      0.625      0.468     -0.157
    66      0.625      0.468     -0.157
    67      0.75       0.468     -0.282
    68      0.5        0.468     -0.032
    69      0.5        0.468     -0.032
    70      0.125      0.468      0.343
    71      0.25       0.468      0.218
    72      0.25       0.468      0.218
    73      0.375      0.468      0.093
    74      0.25       0.468      0.218
    75      0.5        0.468     -0.032
    76      0.625      0.468     -0.157
    77      0.375      0.468      0.093
    78      0.5        0.468     -0.032
    79      0.75       0.468     -0.282
    80      0.5        0.468     -0.032
    81      0.25       0.468      0.218
    82      0.25       0.468      0.218
    83      0.5        0.468     -0.032
    84      0.625      0.468     -0.157
    85      0          0.468      0.468
    86      0.25       0.468      0.218
    87      0.375      0.468      0.093
    88      0.125      0.468      0.343
    89      0.375      0.468      0.093
    90      0.5        0.468     -0.032
    91      0          0.468      0.468
    92      0.5        0.468     -0.032
    93      0.25       0.468      0.218
    94      0.25       0.468      0.218
    95      0.375      0.468      0.093
    96      0.375      0.468      0.093
    97      0.5        0.468     -0.032
    98      0.5        0.468     -0.032
    99      0.5        0.468     -0.032
   100      0.5        0.468     -0.032
   101      0.875      0.468     -0.407
   102      0.5        0.468     -0.032
   103      0          0.468      0.468
   104      0          0.468      0.468
   105      0.5        0.468     -0.032
   106      0.625      0.468     -0.157
   107      0.625      0.468     -0.157
   108      0.5        0.468     -0.032
   109      0.375      0.468      0.093
   110      0.375      0.468      0.093
   111      0.625      0.468     -0.157
   112      0.375      0.468      0.093
   113      0          0.468      0.468
   114          ?      0.468 
   115      0          0.468      0.468
   116      0.375      0.468      0.093
   117      0.5        0.468     -0.032
   118      0.375      0.468      0.093
   119      0.75       0.468     -0.282
   120      0.5        0.468     -0.032
   121      0.5        0.468     -0.032
   122      0.375      0.468      0.093
   123      0.375      0.468      0.093
   124      0.375      0.468      0.093
   125      0.625      0.468     -0.157
   126      0.5        0.468     -0.032
   127      0.75       0.468     -0.282
   128      0.5        0.468     -0.032
   129      0.75       0.468     -0.282
   130      0.75       0.468     -0.282
   131      0.75       0.468     -0.282
   132      0.5        0.468     -0.032
   133      0.5        0.468     -0.032
   134      0.625      0.468     -0.157
   135      0.5        0.468     -0.032
   136      0          0.468      0.468
   137      0.5        0.468     -0.032
   138      0.375      0.468      0.093
   139      0.625      0.468     -0.157
   140      0.375      0.468      0.093
   141      0.375      0.468      0.093
   142      0.125      0.468      0.343
   143      0.5        0.468     -0.032
   144      0.5        0.468     -0.032
   145      0.25       0.468      0.218
   146      0.25       0.468      0.218
   147      0.125      0.468      0.343
   148      0          0.468      0.468
   149      0.5        0.468     -0.032
   150      0.75       0.468     -0.282
   151      0.75       0.468     -0.282
   152      0.5        0.468     -0.032
   153      0.75       0.468     -0.282
   154      0.625      0.468     -0.157
   155      0.375      0.468      0.093
   156      0.375      0.468      0.093
   157          ?      0.468 
   158      0.625      0.468     -0.157
   159      0.375      0.468      0.093
   160      0.25       0.468      0.218
   161      0.375      0.468      0.093
   162      0.625      0.468     -0.157
   163      0.75       0.468     -0.282
   164      0.5        0.468     -0.032
   165      0.25       0.468      0.218
   166      0.375      0.468      0.093
   167      0.375      0.468      0.093
   168      0.125      0.468      0.343
   169      0.625      0.468     -0.157
   170      0.375      0.468      0.093
   171      0.125      0.468      0.343
   172      0.625      0.468     -0.157
   173      0.375      0.468      0.093
   174      0.75       0.468     -0.282
   175      0.75       0.468     -0.282
   176      0.375      0.468      0.093
   177      0.625      0.468     -0.157
   178      0.875      0.468     -0.407
   179      0.875      0.468     -0.407
   180      0.625      0.468     -0.157
   181      0.375      0.468      0.093
   182      0.5        0.468     -0.032
   183      0.625      0.468     -0.157
   184      0.5        0.468     -0.032
   185      0.875      0.468     -0.407
   186      0.25       0.468      0.218
   187      0.75       0.468     -0.282
   188          ?      0.468 
   189      0.625      0.468     -0.157
   190      0.25       0.468      0.218
   191          ?      0.468 
   192      0.125      0.468      0.343
   193          ?      0.468 
   194      0.625      0.468     -0.157
   195      0.375      0.468      0.093
   196      0.375      0.468      0.093
   197      0.75       0.468     -0.282
   198      0.25       0.468      0.218
   199      0.5        0.468     -0.032
   200          ?      0.468 
   201      0.25       0.468      0.218
   202      0.375      0.468      0.093
   203      0.375      0.468      0.093
   204      0.5        0.468     -0.032
   205          ?      0.468 
   206      0.375      0.468      0.093
   207      0.5        0.468     -0.032
   208      0.75       0.468     -0.282
   209          ?      0.468 
   210      0.625      0.468     -0.157
   211      0.125      0.468      0.343
   212      0          0.468      0.468
   213      0.625      0.468     -0.157
   214      0.125      0.468      0.343
   215      0.625      0.468     -0.157
   216      0.375      0.468      0.093
   217      0.375      0.468      0.093
   218      1          0.468     -0.532
   219      0.5        0.468     -0.032
   220      0.5        0.468     -0.032
   221      0.5        0.468     -0.032
   222      0.375      0.468      0.093
   223      0          0.468      0.468
   224      0.625      0.468     -0.157
   225      0.125      0.468      0.343
   226      0.5        0.468     -0.032
   227      0.625      0.468     -0.157
   228      0.5        0.468     -0.032
   229      0.75       0.468     -0.282
   230      0.375      0.468      0.093
   231      0          0.468      0.468
   232      0.75       0.468     -0.282
   233      0.75       0.468     -0.282
   234      0.5        0.468     -0.032
   235      0.125      0.468      0.343
   236      0.375      0.468      0.093
   237      0.375      0.468      0.093
   238      0.75       0.468     -0.282
   239          ?      0.468 
   240      0.375      0.468      0.093
   241      0.625      0.468     -0.157
   242      0.625      0.468     -0.157
   243      0.5        0.468     -0.032
     1      0.625      0.465     -0.16 
     2      0.125      0.465      0.34 
     3      0.625      0.465     -0.16 
     4      0.625      0.465     -0.16 
     5      0.125      0.465      0.34 
     6      0.25       0.465      0.215
     7      0.625      0.465     -0.16 
     8      0.625      0.465     -0.16 
     9      0.25       0.465      0.215
    10          ?      0.465 
    11      0.375      0.465      0.09 
    12      0.75       0.465     -0.285
    13      0.5        0.465     -0.035
    14      0.625      0.465     -0.16 
    15      0.5        0.465     -0.035
    16      0.375      0.465      0.09 
    17      0.75       0.465     -0.285
    18      0.75       0.465     -0.285
    19      0.25       0.465      0.215
    20          ?      0.465 
    21      0.375      0.465      0.09 
    22      0.875      0.465     -0.41 
    23      0.75       0.465     -0.285
    24          ?      0.465 
    25      0.5        0.465     -0.035
    26      0.75       0.465     -0.285
    27      0.25       0.465      0.215
    28      0.75       0.465     -0.285
    29      0.875      0.465     -0.41 
    30      0.75       0.465     -0.285
    31      0.75       0.465     -0.285
    32      0.375      0.465      0.09 
    33      0.25       0.465      0.215
    34          ?      0.465 
    35      0.75       0.465     -0.285
    36      0.5        0.465     -0.035
    37      0          0.465      0.465
    38      0.5        0.465     -0.035
    39      0.625      0.465     -0.16 
    40      0.625      0.465     -0.16 
    41      0.375      0.465      0.09 
    42      0.75       0.465     -0.285
    43      0.375      0.465      0.09 
    44      0.5        0.465     -0.035
    45      0.375      0.465      0.09 
    46      0.625      0.465     -0.16 
    47      0.125      0.465      0.34 
    48      0.625      0.465     -0.16 
    49      0.5        0.465     -0.035
    50      0.25       0.465      0.215
    51      0.375      0.465      0.09 
    52      0.5        0.465     -0.035
    53      0          0.465      0.465
    54      0.625      0.465     -0.16 
    55      0.375      0.465      0.09 
    56      0.625      0.465     -0.16 
    57      0.5        0.465     -0.035
    58      0.625      0.465     -0.16 
    59      0.75       0.465     -0.285
    60      0.75       0.465     -0.285
    61      0.375      0.465      0.09 
    62      0.375      0.465      0.09 
    63      0.375      0.465      0.09 
    64      0.5        0.465     -0.035
    65      0.5        0.465     -0.035
    66      0.375      0.465      0.09 
    67      0.25       0.465      0.215
    68      0          0.465      0.465
    69      1          0.465     -0.535
    70      0.625      0.465     -0.16 
    71          ?      0.465 
    72      0.625      0.465     -0.16 
    73      0.375      0.465      0.09 
    74      0.5        0.465     -0.035
    75      0.5        0.465     -0.035
    76      0.75       0.465     -0.285
    77      0.75       0.465     -0.285
    78      0.5        0.465     -0.035
    79      0.375      0.465      0.09 
    80      0.375      0.465      0.09 
    81      0.5        0.465     -0.035
    82      0.625      0.465     -0.16 
    83      0.25       0.465      0.215
    84      0.5        0.465     -0.035
    85      0.5        0.465     -0.035
    86      0          0.465      0.465
    87      0.75       0.465     -0.285
    88      0.375      0.465      0.09 
    89      0.5        0.465     -0.035
    90      0.5        0.465     -0.035
    91      0.5        0.465     -0.035
    92      0.375      0.465      0.09 
    93      0.375      0.465      0.09 
    94      0.625      0.465     -0.16 
    95      0.5        0.465     -0.035
    96      0.625      0.465     -0.16 
    97      0.75       0.465     -0.285
    98      0.625      0.465     -0.16 
    99      0.625      0.465     -0.16 
   100      0.375      0.465      0.09 
   101      0.25       0.465      0.215
   102      0.75       0.465     -0.285
   103      0.375      0.465      0.09 
   104      0.5        0.465     -0.035
   105      0.625      0.465     -0.16 
   106          ?      0.465 
   107      0.375      0.465      0.09 
   108      0.625      0.465     -0.16 
   109      0.625      0.465     -0.16 
   110      0          0.465      0.465
   111      0.5        0.465     -0.035
   112      0.5        0.465     -0.035
   113      0.625      0.465     -0.16 
   114      0          0.465      0.465
   115      0.5        0.465     -0.035
   116      0.625      0.465     -0.16 
   117      0.375      0.465      0.09 
   118          ?      0.465 
   119      0.5        0.465     -0.035
   120      0.25       0.465      0.215
   121          ?      0.465 
   122      0.375      0.465      0.09 
   123      0.5        0.465     -0.035
   124      0.25       0.465      0.215
   125          ?      0.465 
   126      0.125      0.465      0.34 
   127      0.5        0.465     -0.035
   128      0.625      0.465     -0.16 
   129      0.5        0.465     -0.035
   130      0.5        0.465     -0.035
   131      0.375      0.465      0.09 
   132      0.25       0.465      0.215
   133      0          0.465      0.465
   134          ?      0.465 
   135      0.75       0.465     -0.285
   136      0.625      0.465     -0.16 
   137      0.75       0.465     -0.285
   138      0.5        0.465     -0.035
   139      0.625      0.465     -0.16 
   140      0.5        0.465     -0.035
   141      0.125      0.465      0.34 
   142      0.375      0.465      0.09 
   143      0.25       0.465      0.215
   144      0.75       0.465     -0.285
   145      0.25       0.465      0.215
   146      0.625      0.465     -0.16 
   147      0.375      0.465      0.09 
   148      0.75       0.465     -0.285
   149          ?      0.465 
   150      0.375      0.465      0.09 
   151      0.375      0.465      0.09 
   152      0.625      0.465     -0.16 
   153      0.5        0.465     -0.035
   154      0.25       0.465      0.215
   155          ?      0.465 
   156      0.25       0.465      0.215
   157      0.25       0.465      0.215
   158      0.625      0.465     -0.16 
   159          ?      0.465 
   160      1          0.465     -0.535
   161      0.375      0.465      0.09 
   162      0.5        0.465     -0.035
   163      0.75       0.465     -0.285
   164      0.375      0.465      0.09 
   165      0.375      0.465      0.09 
   166          ?      0.465 
   167      0.5        0.465     -0.035
   168      0.125      0.465      0.34 
   169          ?      0.465 
   170      0          0.465      0.465
   171      0.375      0.465      0.09 
   172          ?      0.465 
   173      0.5        0.465     -0.035
   174      0          0.465      0.465
   175          ?      0.465 
   176      0.625      0.465     -0.16 
   177      0.5        0.465     -0.035
   178      0.5        0.465     -0.035
   179      0.25       0.465      0.215
   180      0.875      0.465     -0.41 
   181      0.625      0.465     -0.16 
   182      0.5        0.465     -0.035
   183      0.75       0.465     -0.285
   184      0.5        0.465     -0.035
   185      0.5        0.465     -0.035
   186      0.5        0.465     -0.035
   187      0.75       0.465     -0.285
   188      0.5        0.465     -0.035
   189      0.75       0.465     -0.285
   190      0.375      0.465      0.09 
   191      0.25       0.465      0.215
   192      0.75       0.465     -0.285
   193      0.5        0.465     -0.035
   194      0.375      0.465      0.09 
   195      0.375      0.465      0.09 
   196      0.375      0.465      0.09 
   197      0.625      0.465     -0.16 
   198      0.375      0.465      0.09 
   199      0.375      0.465      0.09 
   200      0.375      0.465      0.09 
   201      0.625      0.465     -0.16 
   202      0.375      0.465      0.09 
   203      0.875      0.465     -0.41 
   204      0.375      0.465      0.09 
   205      0.5        0.465     -0.035
   206      0.5        0.465     -0.035
   207      0.5        0.465     -0.035
   208      0          0.465      0.465
   209      0.875      0.465     -0.41 
   210      0.375      0.465      0.09 
   211      0.5        0.465     -0.035
   212      0.25       0.465      0.215
   213      0.125      0.465      0.34 
   214      0.5        0.465     -0.035
   215      0.375      0.465      0.09 
   216      0.125      0.465      0.34 
   217      0.625      0.465     -0.16 
   218      0.375      0.465      0.09 
   219      0.5        0.465     -0.035
   220      0.375      0.465      0.09 
   221      1          0.465     -0.535
   222      0.375      0.465      0.09 
   223          ?      0.465 
   224      0.875      0.465     -0.41 
   225      0.375      0.465      0.09 
   226      0.25       0.465      0.215
   227      0.875      0.465     -0.41 
   228      0.25       0.465      0.215
   229      0.625      0.465     -0.16 
   230      0.5        0.465     -0.035
   231          ?      0.465 
   232      0.125      0.465      0.34 
   233      0.375      0.465      0.09 
   234      0.5        0.465     -0.035
   235      0.375      0.465      0.09 
   236      0.5        0.465     -0.035
   237      0.375      0.465      0.09 
   238      0.75       0.465     -0.285
   239      0.375      0.465      0.09 
   240      0.375      0.465      0.09 
   241      0.625      0.465     -0.16 
   242      0.25       0.465      0.215
   243      0.125      0.465      0.34 
     1      0.125      0.47       0.345
     2      0.375      0.47       0.095
     3      0.625      0.47      -0.155
     4      0.75       0.47      -0.28 
     5      0.625      0.47      -0.155
     6      0.5        0.47      -0.03 
     7      0.5        0.47      -0.03 
     8      0          0.47       0.47 
     9      0.625      0.47      -0.155
    10      0.625      0.47      -0.155
    11      0.75       0.47      -0.28 
    12      0.375      0.47       0.095
    13      0.5        0.47      -0.03 
    14      0.625      0.47      -0.155
    15      0.375      0.47       0.095
    16      0.25       0.47       0.22 
    17      0.5        0.47      -0.03 
    18      0.5        0.47      -0.03 
    19          ?      0.47  
    20      0.875      0.47      -0.405
    21      0.75       0.47      -0.28 
    22      0.125      0.47       0.345
    23      0.625      0.47      -0.155
    24      0.25       0.47       0.22 
    25      0.5        0.47      -0.03 
    26      0          0.47       0.47 
    27      0.375      0.47       0.095
    28      1          0.47      -0.53 
    29      0.5        0.47      -0.03 
    30      0.125      0.47       0.345
    31      0.5        0.47      -0.03 
    32      0.5        0.47      -0.03 
    33      0.375      0.47       0.095
    34      0.625      0.47      -0.155
    35      0.5        0.47      -0.03 
    36      0.375      0.47       0.095
    37      0.125      0.47       0.345
    38      0.5        0.47      -0.03 
    39      0          0.47       0.47 
    40      0.375      0.47       0.095
    41      0.75       0.47      -0.28 
    42      0.375      0.47       0.095
    43      0.375      0.47       0.095
    44      0.875      0.47      -0.405
    45      0.375      0.47       0.095
    46      0.125      0.47       0.345
    47      0.25       0.47       0.22 
    48      0          0.47       0.47 
    49      0.625      0.47      -0.155
    50      0.75       0.47      -0.28 
    51      0.375      0.47       0.095
    52      0.375      0.47       0.095
    53      0.5        0.47      -0.03 
    54          ?      0.47  
    55      0.375      0.47       0.095
    56      0.875      0.47      -0.405
    57      0          0.47       0.47 
    58      0.5        0.47      -0.03 
    59      0.5        0.47      -0.03 
    60          ?      0.47  
    61      0.625      0.47      -0.155
    62      0.625      0.47      -0.155
    63      0.5        0.47      -0.03 
    64      0.125      0.47       0.345
    65      0.625      0.47      -0.155
    66      0.25       0.47       0.22 
    67      0.5        0.47      -0.03 
    68      0.625      0.47      -0.155
    69      0.5        0.47      -0.03 
    70      0.25       0.47       0.22 
    71      0.5        0.47      -0.03 
    72      0.75       0.47      -0.28 
    73      0.5        0.47      -0.03 
    74      0.5        0.47      -0.03 
    75      0.375      0.47       0.095
    76      0.625      0.47      -0.155
    77      0.375      0.47       0.095
    78      0.625      0.47      -0.155
    79      0.375      0.47       0.095
    80      0.375      0.47       0.095
    81      0.625      0.47      -0.155
    82      0.5        0.47      -0.03 
    83      0.375      0.47       0.095
    84      0.375      0.47       0.095
    85      0.5        0.47      -0.03 
    86      0.375      0.47       0.095
    87      0.375      0.47       0.095
    88      0.375      0.47       0.095
    89      0.875      0.47      -0.405
    90      0.25       0.47       0.22 
    91      0.375      0.47       0.095
    92      0.5        0.47      -0.03 
    93      0.75       0.47      -0.28 
    94          ?      0.47  
    95      0.625      0.47      -0.155
    96      0          0.47       0.47 
    97      0.375      0.47       0.095
    98      0.75       0.47      -0.28 
    99      0.625      0.47      -0.155
   100      0          0.47       0.47 
   101      0.5        0.47      -0.03 
   102      0.375      0.47       0.095
   103      0.375      0.47       0.095
   104      0          0.47       0.47 
   105      0.75       0.47      -0.28 
   106      0.375      0.47       0.095
   107      0.5        0.47      -0.03 
   108      0.875      0.47      -0.405
   109      0.125      0.47       0.345
   110      0          0.47       0.47 
   111      0.5        0.47      -0.03 
   112      0.125      0.47       0.345
   113      0.125      0.47       0.345
   114      0.375      0.47       0.095
   115      0.75       0.47      -0.28 
   116      0          0.47       0.47 
   117      0.375      0.47       0.095
   118      0.5        0.47      -0.03 
   119      0.25       0.47       0.22 
   120      0.125      0.47       0.345
   121      0.25       0.47       0.22 
   122      0.5        0.47      -0.03 
   123      0          0.47       0.47 
   124      0.5        0.47      -0.03 
   125      0.375      0.47       0.095
   126      0.5        0.47      -0.03 
   127      1          0.47      -0.53 
   128      0.25       0.47       0.22 
   129      0.375      0.47       0.095
   130      0.5        0.47      -0.03 
   131      0.875      0.47      -0.405
   132      0          0.47       0.47 
   133      0.375      0.47       0.095
   134      0.625      0.47      -0.155
   135      0.625      0.47      -0.155
   136      0.375      0.47       0.095
   137      0.625      0.47      -0.155
   138      0.5        0.47      -0.03 
   139      0.625      0.47      -0.155
   140      0.5        0.47      -0.03 
   141      0.5        0.47      -0.03 
   142      0.5        0.47      -0.03 
   143      0.5        0.47      -0.03 
   144      0.375      0.47       0.095
   145      0.375      0.47       0.095
   146      0.375      0.47       0.095
   147      0.75       0.47      -0.28 
   148      0.25       0.47       0.22 
   149      0.375      0.47       0.095
   150      0.5        0.47      -0.03 
   151      0.875      0.47      -0.405
   152      0.625      0.47      -0.155
   153      0.375      0.47       0.095
   154      0.5        0.47      -0.03 
   155      0.375      0.47       0.095
   156      0.5        0.47      -0.03 
   157      0.25       0.47       0.22 
   158      0.75       0.47      -0.28 
   159      0.375      0.47       0.095
   160      0.5        0.47      -0.03 
   161      0.5        0.47      -0.03 
   162      0.375      0.47       0.095
   163      0.375      0.47       0.095
   164      0.5        0.47      -0.03 
   165      0.375      0.47       0.095
   166      0.25       0.47       0.22 
   167      0.375      0.47       0.095
   168      0.25       0.47       0.22 
   169      0.75       0.47      -0.28 
   170      0.375      0.47       0.095
   171      0.375      0.47       0.095
   172      0.125      0.47       0.345
   173      0.75       0.47      -0.28 
   174      0.375      0.47       0.095
   175      0.25       0.47       0.22 
   176      0.5        0.47      -0.03 
   177      0.75       0.47      -0.28 
   178      0.5        0.47      -0.03 
   179      0.25       0.47       0.22 
   180      0.75       0.47      -0.28 
   181      0.625      0.47      -0.155
   182      0.25       0.47       0.22 
   183      0.25       0.47       0.22 
   184      0.875      0.47      -0.405
   185      0.5        0.47      -0.03 
   186          ?      0.47  
   187      0.125      0.47       0.345
   188      0.375      0.47       0.095
   189      0.75       0.47      -0.28 
   190      0.125      0.47       0.345
   191      0.375      0.47       0.095
   192      0.375      0.47       0.095
   193      0.25       0.47       0.22 
   194      0.25       0.47       0.22 
   195      0.5        0.47      -0.03 
   196      0.375      0.47       0.095
   197      0.5        0.47      -0.03 
   198      0.5        0.47      -0.03 
   199      0.625      0.47      -0.155
   200      0.75       0.47      -0.28 
   201      0.875      0.47      -0.405
   202      0          0.47       0.47 
   203      0.25       0.47       0.22 
   204      0.375      0.47       0.095
   205      0.5        0.47      -0.03 
   206          ?      0.47  
   207      0.625      0.47      -0.155
   208      0.5        0.47      -0.03 
   209      0.5        0.47      -0.03 
   210      0.5        0.47      -0.03 
   211      0.25       0.47       0.22 
   212      0          0.47       0.47 
   213      0.625      0.47      -0.155
   214      0.375      0.47       0.095
   215      0.125      0.47       0.345
   216          ?      0.47  
   217      0.125      0.47       0.345
   218      0.125      0.47       0.345
   219      0.5        0.47      -0.03 
   220      0.375      0.47       0.095
   221      0.75       0.47      -0.28 
   222      0          0.47       0.47 
   223      0.625      0.47      -0.155
   224      0.5        0.47      -0.03 
   225      0.25       0.47       0.22 
   226      0.375      0.47       0.095
   227      0.5        0.47      -0.03 
   228      0.75       0.47      -0.28 
   229      0.5        0.47      -0.03 
   230      0.375      0.47       0.095
   231      0.125      0.47       0.345
   232      0.375      0.47       0.095
   233      0.375      0.47       0.095
   234      0.75       0.47      -0.28 
   235      0.5        0.47      -0.03 
   236      0          0.47       0.47 
   237      0.375      0.47       0.095
   238      0.875      0.47      -0.405
   239      0          0.47       0.47 
   240          ?      0.47  
   241      0.375      0.47       0.095
   242      0.5        0.47      -0.03 
   243      0.5        0.47      -0.03 
     1      0.375      0.465      0.09 
     2      0.375      0.465      0.09 
     3      0.625      0.465     -0.16 
     4      0.5        0.465     -0.035
     5      0.5        0.465     -0.035
     6      0.375      0.465      0.09 
     7      0.625      0.465     -0.16 
     8      0          0.465      0.465
     9      0          0.465      0.465
    10      0.25       0.465      0.215
    11      0.25       0.465      0.215
    12      0.5        0.465     -0.035
    13      0.375      0.465      0.09 
    14      0.5        0.465     -0.035
    15      0.625      0.465     -0.16 
    16      0.375      0.465      0.09 
    17      0.625      0.465     -0.16 
    18      0.5        0.465     -0.035
    19      0.375      0.465      0.09 
    20      0.5        0.465     -0.035
    21      0.25       0.465      0.215
    22      0          0.465      0.465
    23      0.5        0.465     -0.035
    24      0.875      0.465     -0.41 
    25      0.625      0.465     -0.16 
    26      0.625      0.465     -0.16 
    27      0.375      0.465      0.09 
    28      0.375      0.465      0.09 
    29      0.375      0.465      0.09 
    30          ?      0.465 
    31      0          0.465      0.465
    32      0.375      0.465      0.09 
    33      0.5        0.465     -0.035
    34      0.375      0.465      0.09 
    35      0.5        0.465     -0.035
    36      0.5        0.465     -0.035
    37      0.625      0.465     -0.16 
    38      0.5        0.465     -0.035
    39      0.5        0.465     -0.035
    40      0.75       0.465     -0.285
    41          ?      0.465 
    42      0.625      0.465     -0.16 
    43      0.5        0.465     -0.035
    44      0.375      0.465      0.09 
    45      0.5        0.465     -0.035
    46      0.875      0.465     -0.41 
    47      0.75       0.465     -0.285
    48      0.5        0.465     -0.035
    49      0.25       0.465      0.215
    50      0.5        0.465     -0.035
    51      0.125      0.465      0.34 
    52      0.75       0.465     -0.285
    53      0.625      0.465     -0.16 
    54      0.5        0.465     -0.035
    55      0.875      0.465     -0.41 
    56      0.25       0.465      0.215
    57      0          0.465      0.465
    58      0.375      0.465      0.09 
    59      0.5        0.465     -0.035
    60      0.5        0.465     -0.035
    61      0.5        0.465     -0.035
    62          ?      0.465 
    63      0.5        0.465     -0.035
    64      0.5        0.465     -0.035
    65      0.5        0.465     -0.035
    66          ?      0.465 
    67      0.625      0.465     -0.16 
    68      0.625      0.465     -0.16 
    69      0.625      0.465     -0.16 
    70      0.75       0.465     -0.285
    71      0.375      0.465      0.09 
    72      0.375      0.465      0.09 
    73      0.5        0.465     -0.035
    74      0.25       0.465      0.215
    75      0.375      0.465      0.09 
    76      0.875      0.465     -0.41 
    77      0.375      0.465      0.09 
    78      0.5        0.465     -0.035
    79      0.375      0.465      0.09 
    80      0.625      0.465     -0.16 
    81      0.625      0.465     -0.16 
    82      0.125      0.465      0.34 
    83      0.625      0.465     -0.16 
    84      0.375      0.465      0.09 
    85      0.625      0.465     -0.16 
    86      0.75       0.465     -0.285
    87      0.5        0.465     -0.035
    88      0.5        0.465     -0.035
    89      0.375      0.465      0.09 
    90      0          0.465      0.465
    91      0.375      0.465      0.09 
    92      0.375      0.465      0.09 
    93      0.625      0.465     -0.16 
    94      0.5        0.465     -0.035
    95      0.5        0.465     -0.035
    96      0.75       0.465     -0.285
    97      0.625      0.465     -0.16 
    98      0.5        0.465     -0.035
    99      0.625      0.465     -0.16 
   100      0.625      0.465     -0.16 
   101      0.75       0.465     -0.285
   102      0.375      0.465      0.09 
   103      0.5        0.465     -0.035
   104      0.5        0.465     -0.035
   105      0.25       0.465      0.215
   106      0.625      0.465     -0.16 
   107      0.75       0.465     -0.285
   108      0.625      0.465     -0.16 
   109      0          0.465      0.465
   110      0.625      0.465     -0.16 
   111      0.5        0.465     -0.035
   112      0.5        0.465     -0.035
   113      0.625      0.465     -0.16 
   114      0.25       0.465      0.215
   115      0.375      0.465      0.09 
   116      0.125      0.465      0.34 
   117      0.625      0.465     -0.16 
   118      0.625      0.465     -0.16 
   119      0.625      0.465     -0.16 
   120      0.25       0.465      0.215
   121      0.5        0.465     -0.035
   122      0.375      0.465      0.09 
   123      0.5        0.465     -0.035
   124      0.625      0.465     -0.16 
   125      0.375      0.465      0.09 
   126      0.875      0.465     -0.41 
   127          ?      0.465 
   128      0.5        0.465     -0.035
   129      0.625      0.465     -0.16 
   130      0.5        0.465     -0.035
   131      0.25       0.465      0.215
   132      0.375      0.465      0.09 
   133          ?      0.465 
   134      0          0.465      0.465
   135      0.375      0.465      0.09 
   136      0.25       0.465      0.215
   137      0          0.465      0.465
   138      0.625      0.465     -0.16 
   139      0.375      0.465      0.09 
   140      0.375      0.465      0.09 
   141      0.375      0.465      0.09 
   142      0.5        0.465     -0.035
   143      0.375      0.465      0.09 
   144      0.5        0.465     -0.035
   145      0.375      0.465      0.09 
   146      0.875      0.465     -0.41 
   147      0.5        0.465     -0.035
   148      0.25       0.465      0.215
   149      0.625      0.465     -0.16 
   150      0.25       0.465      0.215
   151      0.25       0.465      0.215
   152      0.5        0.465     -0.035
   153      0.5        0.465     -0.035
   154      0.375      0.465      0.09 
   155      0.5        0.465     -0.035
   156      0.5        0.465     -0.035
   157          ?      0.465 
   158      0.25       0.465      0.215
   159      0.625      0.465     -0.16 
   160      0.375      0.465      0.09 
   161      0.875      0.465     -0.41 
   162      0          0.465      0.465
   163      0.75       0.465     -0.285
   164      0          0.465      0.465
   165      0.5        0.465     -0.035
   166      0.75       0.465     -0.285
   167          ?      0.465 
   168      0.875      0.465     -0.41 
   169      0.375      0.465      0.09 
   170      0.125      0.465      0.34 
   171      0.625      0.465     -0.16 
   172      0.75       0.465     -0.285
   173      0.5        0.465     -0.035
   174      0.625      0.465     -0.16 
   175      1          0.465     -0.535
   176      0.375      0.465      0.09 
   177      1          0.465     -0.535
   178      0.375      0.465      0.09 
   179      0.75       0.465     -0.285
   180      0.625      0.465     -0.16 
   181      0.375      0.465      0.09 
   182      0.375      0.465      0.09 
   183      0.625      0.465     -0.16 
   184      0.5        0.465     -0.035
   185      0.625      0.465     -0.16 
   186      0.75       0.465     -0.285
   187      0.375      0.465      0.09 
   188      0.75       0.465     -0.285
   189      0.5        0.465     -0.035
   190      0.125      0.465      0.34 
   191          ?      0.465 
   192      0.75       0.465     -0.285
   193      0.25       0.465      0.215
   194      0.625      0.465     -0.16 
   195      0.375      0.465      0.09 
   196      0.625      0.465     -0.16 
   197      0.875      0.465     -0.41 
   198      0.875      0.465     -0.41 
   199      0.25       0.465      0.215
   200      0          0.465      0.465
   201      0.125      0.465      0.34 
   202      0.375      0.465      0.09 
   203      0.25       0.465      0.215
   204      0.5        0.465     -0.035
   205      0.375      0.465      0.09 
   206      0.375      0.465      0.09 
   207      0.625      0.465     -0.16 
   208      0.75       0.465     -0.285
   209      0.75       0.465     -0.285
   210      0          0.465      0.465
   211      0.375      0.465      0.09 
   212      0.375      0.465      0.09 
   213      0.625      0.465     -0.16 
   214      0.5        0.465     -0.035
   215      0.625      0.465     -0.16 
   216      0.375      0.465      0.09 
   217      0.375      0.465      0.09 
   218      0.5        0.465     -0.035
   219          ?      0.465 
   220      0.375      0.465      0.09 
   221      0.625      0.465     -0.16 
   222      0.25       0.465      0.215
   223      0.625      0.465     -0.16 
   224          ?      0.465 
   225      0.375      0.465      0.09 
   226      0.375      0.465      0.09 
   227      0.625      0.465     -0.16 
   228      0.375      0.465      0.09 
   229      0.375      0.465      0.09 
   230      0.375      0.465      0.09 
   231      0.625      0.465     -0.16 
   232      0.125      0.465      0.34 
   233      0.5        0.465     -0.035
   234      0.375      0.465      0.09 
   235      0.5        0.465     -0.035
   236          ?      0.465 
   237      0.875      0.465     -0.41 
   238      0.625      0.465     -0.16 
   239      0.5        0.465     -0.035
   240      0.75       0.465     -0.285
   241      0.5        0.465     -0.035
   242      0.375      0.465      0.09 
     1      0.375      0.467      0.092
     2      0.25       0.467      0.217
     3      0.75       0.467     -0.283
     4      0.625      0.467     -0.158
     5      0.5        0.467     -0.033
     6      0.625      0.467     -0.158
     7      0.375      0.467      0.092
     8      0.625      0.467     -0.158
     9      0.5        0.467     -0.033
    10      0.375      0.467      0.092
    11      1          0.467     -0.533
    12      0.625      0.467     -0.158
    13      0.375      0.467      0.092
    14      0.625      0.467     -0.158
    15      0.375      0.467      0.092
    16      0.625      0.467     -0.158
    17      0.375      0.467      0.092
    18      0.75       0.467     -0.283
    19      0.625      0.467     -0.158
    20      0          0.467      0.467
    21      0.375      0.467      0.092
    22      0.375      0.467      0.092
    23      0.375      0.467      0.092
    24          ?      0.467 
    25      0.875      0.467     -0.408
    26      0.5        0.467     -0.033
    27      0.375      0.467      0.092
    28      0.5        0.467     -0.033
    29      0.25       0.467      0.217
    30      0.375      0.467      0.092
    31      0.75       0.467     -0.283
    32      0          0.467      0.467
    33      0.625      0.467     -0.158
    34      0.75       0.467     -0.283
    35      0.25       0.467      0.217
    36      0.375      0.467      0.092
    37      0.875      0.467     -0.408
    38      0.125      0.467      0.342
    39      0.5        0.467     -0.033
    40      0.375      0.467      0.092
    41      0.25       0.467      0.217
    42      0.75       0.467     -0.283
    43      0.125      0.467      0.342
    44      0.625      0.467     -0.158
    45      0          0.467      0.467
    46      0.75       0.467     -0.283
    47      0.5        0.467     -0.033
    48      0.375      0.467      0.092
    49      0          0.467      0.467
    50      0.375      0.467      0.092
    51      0.5        0.467     -0.033
    52          ?      0.467 
    53      0.625      0.467     -0.158
    54      0.625      0.467     -0.158
    55      0.75       0.467     -0.283
    56      0.375      0.467      0.092
    57      0.375      0.467      0.092
    58      0.875      0.467     -0.408
    59      0.5        0.467     -0.033
    60      0.625      0.467     -0.158
    61      0.375      0.467      0.092
    62      0          0.467      0.467
    63      0.5        0.467     -0.033
    64      0.375      0.467      0.092
    65      0.25       0.467      0.217
    66      0.5        0.467     -0.033
    67      0.5        0.467     -0.033
    68      0.5        0.467     -0.033
    69      0.75       0.467     -0.283
    70      0.75       0.467     -0.283
    71          ?      0.467 
    72      0.25       0.467      0.217
    73      0.25       0.467      0.217
    74      0.375      0.467      0.092
    75      0.625      0.467     -0.158
    76      0.375      0.467      0.092
    77      0.625      0.467     -0.158
    78      0.625      0.467     -0.158
    79      0.375      0.467      0.092
    80      0          0.467      0.467
    81      0          0.467      0.467
    82      0.25       0.467      0.217
    83      0.375      0.467      0.092
    84      0.25       0.467      0.217
    85      0.75       0.467     -0.283
    86      0.625      0.467     -0.158
    87      0.5        0.467     -0.033
    88      0.375      0.467      0.092
    89      0.375      0.467      0.092
    90      0.125      0.467      0.342
    91      0.875      0.467     -0.408
    92      0.25       0.467      0.217
    93      0.375      0.467      0.092
    94      0.625      0.467     -0.158
    95      0.25       0.467      0.217
    96      0.25       0.467      0.217
    97      0.5        0.467     -0.033
    98      0.5        0.467     -0.033
    99      0.75       0.467     -0.283
   100      0.625      0.467     -0.158
   101          ?      0.467 
   102      0          0.467      0.467
   103      0.75       0.467     -0.283
   104      0.375      0.467      0.092
   105      0.75       0.467     -0.283
   106      0.25       0.467      0.217
   107      0.5        0.467     -0.033
   108      0.375      0.467      0.092
   109      0.375      0.467      0.092
   110      0.75       0.467     -0.283
   111      0.5        0.467     -0.033
   112      0.75       0.467     -0.283
   113      0.5        0.467     -0.033
   114      0.125      0.467      0.342
   115      0.25       0.467      0.217
   116      0.75       0.467     -0.283
   117      0.75       0.467     -0.283
   118      0.125      0.467      0.342
   119      0.25       0.467      0.217
   120      0.25       0.467      0.217
   121      0.375      0.467      0.092
   122      0          0.467      0.467
   123      0.5        0.467     -0.033
   124      0.5        0.467     -0.033
   125      0.25       0.467      0.217
   126      0.875      0.467     -0.408
   127      0.75       0.467     -0.283
   128      0.625      0.467     -0.158
   129      0.125      0.467      0.342
   130      0.75       0.467     -0.283
   131      0.625      0.467     -0.158
   132      0.375      0.467      0.092
   133      0.625      0.467     -0.158
   134      0.625      0.467     -0.158
   135          ?      0.467 
   136      0.625      0.467     -0.158
   137      0.625      0.467     -0.158
   138      0.375      0.467      0.092
   139      0.625      0.467     -0.158
   140      0.25       0.467      0.217
   141      0.625      0.467     -0.158
   142      0.5        0.467     -0.033
   143      0.5        0.467     -0.033
   144      0.5        0.467     -0.033
   145      0.25       0.467      0.217
   146      0.375      0.467      0.092
   147      0.75       0.467     -0.283
   148      0.75       0.467     -0.283
   149      0.125      0.467      0.342
   150      0.5        0.467     -0.033
   151      0.625      0.467     -0.158
   152      0.5        0.467     -0.033
   153      0.5        0.467     -0.033
   154      0.625      0.467     -0.158
   155          ?      0.467 
   156      0.375      0.467      0.092
   157      0.5        0.467     -0.033
   158      0.75       0.467     -0.283
   159      0.625      0.467     -0.158
   160      0.25       0.467      0.217
   161      0.5        0.467     -0.033
   162      0.625      0.467     -0.158
   163      0.5        0.467     -0.033
   164      0.625      0.467     -0.158
   165      0.125      0.467      0.342
   166      0.75       0.467     -0.283
   167      0.625      0.467     -0.158
   168      0.625      0.467     -0.158
   169      0.375      0.467      0.092
   170      0.25       0.467      0.217
   171      0.5        0.467     -0.033
   172      0          0.467      0.467
   173      0.25       0.467      0.217
   174      0.625      0.467     -0.158
   175          ?      0.467 
   176      0.375      0.467      0.092
   177      0.625      0.467     -0.158
   178      0.5        0.467     -0.033
   179      0.375      0.467      0.092
   180      1          0.467     -0.533
   181      0.625      0.467     -0.158
   182      0.625      0.467     -0.158
   183      0.75       0.467     -0.283
   184      0.375      0.467      0.092
   185      0.5        0.467     -0.033
   186      0.125      0.467      0.342
   187      0          0.467      0.467
   188      0.75       0.467     -0.283
   189      0          0.467      0.467
   190      0.75       0.467     -0.283
   191      0.625      0.467     -0.158
   192      0.5        0.467     -0.033
   193      0.25       0.467      0.217
   194      0.25       0.467      0.217
   195      0.375      0.467      0.092
   196      0.75       0.467     -0.283
   197      0.5        0.467     -0.033
   198      0.25       0.467      0.217
   199      0.375      0.467      0.092
   200      0.125      0.467      0.342
   201          ?      0.467 
   202      0.375      0.467      0.092
   203      0.625      0.467     -0.158
   204      0.875      0.467     -0.408
   205      0.625      0.467     -0.158
   206      0.375      0.467      0.092
   207      0          0.467      0.467
   208      0.25       0.467      0.217
   209      0.25       0.467      0.217
   210      0.5        0.467     -0.033
   211      0.25       0.467      0.217
   212      0.625      0.467     -0.158
   213      0.125      0.467      0.342
   214      0.25       0.467      0.217
   215      0.125      0.467      0.342
   216      0.375      0.467      0.092
   217      0.5        0.467     -0.033
   218      0.375      0.467      0.092
   219      0.625      0.467     -0.158
   220          ?      0.467 
   221      0          0.467      0.467
   222      0.5        0.467     -0.033
   223      0.625      0.467     -0.158
   224      0          0.467      0.467
   225      0.5        0.467     -0.033
   226      0.125      0.467      0.342
   227      0.375      0.467      0.092
   228      0.125      0.467      0.342
   229      0.625      0.467     -0.158
   230      0.625      0.467     -0.158
   231      0.5        0.467     -0.033
   232      0.375      0.467      0.092
   233      0.375      0.467      0.092
   234          ?      0.467 
   235      0.875      0.467     -0.408
   236      0.5        0.467     -0.033
   237      0.625      0.467     -0.158
   238      0.125      0.467      0.342
   239      0.375      0.467      0.092
   240      0.75       0.467     -0.283
   241      0.625      0.467     -0.158
   242      0.5        0.467     -0.033
     1      0.375      0.467      0.092
     2      0          0.467      0.467
     3      0.625      0.467     -0.158
     4      0.375      0.467      0.092
     5      0.625      0.467     -0.158
     6          ?      0.467 
     7      0.5        0.467     -0.033
     8      0.5        0.467     -0.033
     9      0.25       0.467      0.217
    10      0.25       0.467      0.217
    11      0.625      0.467     -0.158
    12          ?      0.467 
    13          ?      0.467 
    14      0.5        0.467     -0.033
    15      0.5        0.467     -0.033
    16      0.25       0.467      0.217
    17      0.375      0.467      0.092
    18      0.75       0.467     -0.283
    19      0.875      0.467     -0.408
    20      0.5        0.467     -0.033
    21      0.375      0.467      0.092
    22      0.75       0.467     -0.283
    23      0.75       0.467     -0.283
    24      0.5        0.467     -0.033
    25      0.375      0.467      0.092
    26      0.5        0.467     -0.033
    27      0.375      0.467      0.092
    28      0.5        0.467     -0.033
    29      0.5        0.467     -0.033
    30      0.5        0.467     -0.033
    31      0.625      0.467     -0.158
    32      0.625      0.467     -0.158
    33      0.5        0.467     -0.033
    34      0.5        0.467     -0.033
    35      0.375      0.467      0.092
    36      0.75       0.467     -0.283
    37      0.25       0.467      0.217
    38      0          0.467      0.467
    39      0.5        0.467     -0.033
    40      0.5        0.467     -0.033
    41      0.375      0.467      0.092
    42      0.75       0.467     -0.283
    43      0.25       0.467      0.217
    44      0.625      0.467     -0.158
    45      0.5        0.467     -0.033
    46      0.75       0.467     -0.283
    47      0.5        0.467     -0.033
    48      0.75       0.467     -0.283
    49      0.625      0.467     -0.158
    50      0.375      0.467      0.092
    51      0.375      0.467      0.092
    52      0.625      0.467     -0.158
    53      0.75       0.467     -0.283
    54      0.375      0.467      0.092
    55      0.875      0.467     -0.408
    56      0.5        0.467     -0.033
    57      0.375      0.467      0.092
    58      0.375      0.467      0.092
    59      0.625      0.467     -0.158
    60      0.625      0.467     -0.158
    61      0.625      0.467     -0.158
    62      0.625      0.467     -0.158
    63      0.5        0.467     -0.033
    64      0.75       0.467     -0.283
    65      0.75       0.467     -0.283
    66      0.5        0.467     -0.033
    67      0.375      0.467      0.092
    68      0.375      0.467      0.092
    69      0.125      0.467      0.342
    70      0.625      0.467     -0.158
    71      0.625      0.467     -0.158
    72      0.75       0.467     -0.283
    73      0.5        0.467     -0.033
    74      0.875      0.467     -0.408
    75      0.625      0.467     -0.158
    76      0.375      0.467      0.092
    77      0.75       0.467     -0.283
    78      0.375      0.467      0.092
    79      0.125      0.467      0.342
    80      0.375      0.467      0.092
    81      0          0.467      0.467
    82      0.375      0.467      0.092
    83      0.375      0.467      0.092
    84      0.625      0.467     -0.158
    85      0.5        0.467     -0.033
    86      0.375      0.467      0.092
    87      0.625      0.467     -0.158
    88      0.25       0.467      0.217
    89      0.5        0.467     -0.033
    90      0.5        0.467     -0.033
    91          ?      0.467 
    92      0.75       0.467     -0.283
    93      0.5        0.467     -0.033
    94      0.125      0.467      0.342
    95      0.5        0.467     -0.033
    96      0.25       0.467      0.217
    97          ?      0.467 
    98      0.625      0.467     -0.158
    99      0.25       0.467      0.217
   100          ?      0.467 
   101      0.5        0.467     -0.033
   102      0          0.467      0.467
   103      0.75       0.467     -0.283
   104      0.625      0.467     -0.158
   105      0.5        0.467     -0.033
   106      0.125      0.467      0.342
   107      0.625      0.467     -0.158
   108      0.5        0.467     -0.033
   109      0.375      0.467      0.092
   110      0.625      0.467     -0.158
   111      0.75       0.467     -0.283
   112      0.625      0.467     -0.158
   113      0.5        0.467     -0.033
   114      0.375      0.467      0.092
   115          ?      0.467 
   116      0.875      0.467     -0.408
   117      0.875      0.467     -0.408
   118      0.75       0.467     -0.283
   119      0.375      0.467      0.092
   120      0.375      0.467      0.092
   121      0.75       0.467     -0.283
   122      0.375      0.467      0.092
   123          ?      0.467 
   124      0.75       0.467     -0.283
   125      0.25       0.467      0.217
   126      0.25       0.467      0.217
   127      0          0.467      0.467
   128      0.125      0.467      0.342
   129      0.25       0.467      0.217
   130      0.5        0.467     -0.033
   131      0          0.467      0.467
   132      0.625      0.467     -0.158
   133      0.75       0.467     -0.283
   134      0.5        0.467     -0.033
   135      0.5        0.467     -0.033
   136      0.625      0.467     -0.158
   137      0          0.467      0.467
   138      0.25       0.467      0.217
   139      0.625      0.467     -0.158
   140      0.625      0.467     -0.158
   141      0.625      0.467     -0.158
   142      0.375      0.467      0.092
   143      0.5        0.467     -0.033
   144      0.625      0.467     -0.158
   145      0.125      0.467      0.342
   146      0.625      0.467     -0.158
   147      0.375      0.467      0.092
   148      0.125      0.467      0.342
   149      0.375      0.467      0.092
   150      0.625      0.467     -0.158
   151      0.5        0.467     -0.033
   152      0.375      0.467      0.092
   153      0          0.467      0.467
   154      0.625      0.467     -0.158
   155      0.125      0.467      0.342
   156      0.625      0.467     -0.158
   157      0.375      0.467      0.092
   158      0.5        0.467     -0.033
   159      0.625      0.467     -0.158
   160      0          0.467      0.467
   161      0.625      0.467     -0.158
   162      0.75       0.467     -0.283
   163      0.375      0.467      0.092
   164      0          0.467      0.467
   165      0.25       0.467      0.217
   166      0.375      0.467      0.092
   167      0.5        0.467     -0.033
   168      0.375      0.467      0.092
   169      0.375      0.467      0.092
   170      0.5        0.467     -0.033
   171      0.25       0.467      0.217
   172      0.625      0.467     -0.158
   173      0.5        0.467     -0.033
   174      0.875      0.467     -0.408
   175      0.25       0.467      0.217
   176      0          0.467      0.467
   177      0.25       0.467      0.217
   178      0.5        0.467     -0.033
   179      0.5        0.467     -0.033
   180      0.5        0.467     -0.033
   181      0.625      0.467     -0.158
   182      0.75       0.467     -0.283
   183      0.5        0.467     -0.033
   184      0.625      0.467     -0.158
   185      0.25       0.467      0.217
   186      0.75       0.467     -0.283
   187      0          0.467      0.467
   188      0.375      0.467      0.092
   189      0.625      0.467     -0.158
   190      0.375      0.467      0.092
   191      0          0.467      0.467
   192      0.375      0.467      0.092
   193      0.125      0.467      0.342
   194      0.375      0.467      0.092
   195          ?      0.467 
   196      0.5        0.467     -0.033
   197      0          0.467      0.467
   198      0.625      0.467     -0.158
   199      0.625      0.467     -0.158
   200      0.75       0.467     -0.283
   201      0.375      0.467      0.092
   202      0.875      0.467     -0.408
   203      0.25       0.467      0.217
   204      0.25       0.467      0.217
   205      0.875      0.467     -0.408
   206      0.625      0.467     -0.158
   207      0.375      0.467      0.092
   208      0.625      0.467     -0.158
   209          ?      0.467 
   210      0          0.467      0.467
   211      0.625      0.467     -0.158
   212      0.625      0.467     -0.158
   213      0          0.467      0.467
   214      0.5        0.467     -0.033
   215      0.625      0.467     -0.158
   216      0.375      0.467      0.092
   217      0.375      0.467      0.092
   218      0.125      0.467      0.342
   219      0.125      0.467      0.342
   220      0.375      0.467      0.092
   221      0.5        0.467     -0.033
   222      0.5        0.467     -0.033
   223      0.375      0.467      0.092
   224      0.25       0.467      0.217
   225      0.75       0.467     -0.283
   226          ?      0.467 
   227      0.625      0.467     -0.158
   228      0.625      0.467     -0.158
   229      0.875      0.467     -0.408
   230      0.5        0.467     -0.033
   231      0.5        0.467     -0.033
   232      0.625      0.467     -0.158
   233      0.5        0.467     -0.033
   234      0.5        0.467     -0.033
   235      0.375      0.467      0.092
   236      0.125      0.467      0.342
   237      0.25       0.467      0.217
   238      0.25       0.467      0.217
   239      0.5        0.467     -0.033
   240      0.375      0.467      0.092
   241      0.5        0.467     -0.033
   242      0.5        0.467     -0.033
     1      0.375      0.463      0.088
     2      0.75       0.463     -0.287
     3      0.5        0.463     -0.037
     4      0.5        0.463     -0.037
     5      0.125      0.463      0.338
     6      0.625      0.463     -0.162
     7      0.75       0.463     -0.287
     8      0.5        0.463     -0.037
     9      0.625      0.463     -0.162
    10      0.25       0.463      0.213
    11          ?      0.463 
    12      0.75       0.463     -0.287
    13      0.375      0.463      0.088
    14      0.5        0.463     -0.037
    15      0.625      0.463     -0.162
    16      0          0.463      0.463
    17      0.625      0.463     -0.162
    18      0.375      0.463      0.088
    19      0.625      0.463     -0.162
    20      0.375      0.463      0.088
    21      0.375      0.463      0.088
    22      0.625      0.463     -0.162
    23      0.625      0.463     -0.162
    24      0.625      0.463     -0.162
    25      0.625      0.463     -0.162
    26      0.5        0.463     -0.037
    27      0.375      0.463      0.088
    28          ?      0.463 
    29      0.5        0.463     -0.037
    30      0.75       0.463     -0.287
    31      0.375      0.463      0.088
    32      0.5        0.463     -0.037
    33      0.5        0.463     -0.037
    34      0.25       0.463      0.213
    35      0.625      0.463     -0.162
    36      0.625      0.463     -0.162
    37      0.125      0.463      0.338
    38      0.5        0.463     -0.037
    39      0.375      0.463      0.088
    40      0.25       0.463      0.213
    41      0          0.463      0.463
    42      0.5        0.463     -0.037
    43      0.5        0.463     -0.037
    44      0.625      0.463     -0.162
    45      0.5        0.463     -0.037
    46      0.25       0.463      0.213
    47      0.25       0.463      0.213
    48      0.5        0.463     -0.037
    49      0.125      0.463      0.338
    50      0.375      0.463      0.088
    51      0.5        0.463     -0.037
    52      0.75       0.463     -0.287
    53      0.25       0.463      0.213
    54      0.125      0.463      0.338
    55      0.625      0.463     -0.162
    56      0.5        0.463     -0.037
    57      0.75       0.463     -0.287
    58      0.375      0.463      0.088
    59      0          0.463      0.463
    60      0.625      0.463     -0.162
    61      0.25       0.463      0.213
    62      0.625      0.463     -0.162
    63      0.625      0.463     -0.162
    64      0.625      0.463     -0.162
    65      0.625      0.463     -0.162
    66      0.25       0.463      0.213
    67      0.75       0.463     -0.287
    68          ?      0.463 
    69          ?      0.463 
    70      0.5        0.463     -0.037
    71      0.5        0.463     -0.037
    72      0.625      0.463     -0.162
    73      0.75       0.463     -0.287
    74      0.375      0.463      0.088
    75      0.625      0.463     -0.162
    76      0.25       0.463      0.213
    77      0.875      0.463     -0.412
    78      0.375      0.463      0.088
    79      0.125      0.463      0.338
    80      0.625      0.463     -0.162
    81          ?      0.463 
    82      0.5        0.463     -0.037
    83      0.5        0.463     -0.037
    84      0.375      0.463      0.088
    85      0.75       0.463     -0.287
    86          ?      0.463 
    87      0.375      0.463      0.088
    88      0.625      0.463     -0.162
    89      0.375      0.463      0.088
    90      0.625      0.463     -0.162
    91      0          0.463      0.463
    92      0.5        0.463     -0.037
    93      0.375      0.463      0.088
    94      0.625      0.463     -0.162
    95      0.5        0.463     -0.037
    96      0.5        0.463     -0.037
    97      0.75       0.463     -0.287
    98      0.5        0.463     -0.037
    99      0.625      0.463     -0.162
   100      0.75       0.463     -0.287
   101      0.625      0.463     -0.162
   102      0.375      0.463      0.088
   103      0.5        0.463     -0.037
   104      0.75       0.463     -0.287
   105      0.5        0.463     -0.037
   106      0.75       0.463     -0.287
   107      0.625      0.463     -0.162
   108          ?      0.463 
   109      0.625      0.463     -0.162
   110      0.5        0.463     -0.037
   111      0.375      0.463      0.088
   112      0.625      0.463     -0.162
   113      0.375      0.463      0.088
   114      0.625      0.463     -0.162
   115      0.375      0.463      0.088
   116      0.5        0.463     -0.037
   117      0.5        0.463     -0.037
   118      0.75       0.463     -0.287
   119      0.625      0.463     -0.162
   120      0.625      0.463     -0.162
   121      0.375      0.463      0.088
   122      0.625      0.463     -0.162
   123      0.875      0.463     -0.412
   124      0.625      0.463     -0.162
   125      0.375      0.463      0.088
   126      0.625      0.463     -0.162
   127      0.25       0.463      0.213
   128      0.625      0.463     -0.162
   129      0.5        0.463     -0.037
   130      0.625      0.463     -0.162
   131      0.375      0.463      0.088
   132      0.5        0.463     -0.037
   133          ?      0.463 
   134      0.375      0.463      0.088
   135      0.875      0.463     -0.412
   136      0.875      0.463     -0.412
   137      0.625      0.463     -0.162
   138      0.375      0.463      0.088
   139      0.375      0.463      0.088
   140      0.5        0.463     -0.037
   141      0.375      0.463      0.088
   142      0.25       0.463      0.213
   143      0.75       0.463     -0.287
   144      0.375      0.463      0.088
   145      0.25       0.463      0.213
   146      0.375      0.463      0.088
   147      0.25       0.463      0.213
   148      0.375      0.463      0.088
   149          ?      0.463 
   150      0.125      0.463      0.338
   151          ?      0.463 
   152      0.625      0.463     -0.162
   153      0          0.463      0.463
   154      0.375      0.463      0.088
   155      0.75       0.463     -0.287
   156      0.5        0.463     -0.037
   157      0.5        0.463     -0.037
   158      0.5        0.463     -0.037
   159      0.625      0.463     -0.162
   160      0          0.463      0.463
   161      0.5        0.463     -0.037
   162      0.5        0.463     -0.037
   163      0.375      0.463      0.088
   164      0.625      0.463     -0.162
   165      0.75       0.463     -0.287
   166      0.375      0.463      0.088
   167      0.5        0.463     -0.037
   168      0.5        0.463     -0.037
   169      0.625      0.463     -0.162
   170      0.625      0.463     -0.162
   171      0.375      0.463      0.088
   172      0.5        0.463     -0.037
   173      0.25       0.463      0.213
   174      0.75       0.463     -0.287
   175      0.75       0.463     -0.287
   176      0.625      0.463     -0.162
   177      0.375      0.463      0.088
   178      0.5        0.463     -0.037
   179      0.625      0.463     -0.162
   180      0.625      0.463     -0.162
   181      0.5        0.463     -0.037
   182      0.5        0.463     -0.037
   183      0.75       0.463     -0.287
   184      0.625      0.463     -0.162
   185      0.625      0.463     -0.162
   186      0.5        0.463     -0.037
   187      0.25       0.463      0.213
   188      0.25       0.463      0.213
   189      0.375      0.463      0.088
   190      0.375      0.463      0.088
   191      0.75       0.463     -0.287
   192      0.5        0.463     -0.037
   193      0.75       0.463     -0.287
   194      0.75       0.463     -0.287
   195      0.875      0.463     -0.412
   196      0.625      0.463     -0.162
   197      0.375      0.463      0.088
   198      0.375      0.463      0.088
   199      0          0.463      0.463
   200      0.625      0.463     -0.162
   201      0.625      0.463     -0.162
   202      0.125      0.463      0.338
   203      0.25       0.463      0.213
   204      0.625      0.463     -0.162
   205      0.375      0.463      0.088
   206      0.875      0.463     -0.412
   207      0.5        0.463     -0.037
   208      0.375      0.463      0.088
   209      0.375      0.463      0.088
   210      0.625      0.463     -0.162
   211      0.5        0.463     -0.037
   212      0.125      0.463      0.338
   213      0.875      0.463     -0.412
   214      0.375      0.463      0.088
   215      0.375      0.463      0.088
   216          ?      0.463 
   217      0.5        0.463     -0.037
   218      0.375      0.463      0.088
   219      0.375      0.463      0.088
   220      0.375      0.463      0.088
   221      0.375      0.463      0.088
   222      0.25       0.463      0.213
   223      0.625      0.463     -0.162
   224      0.75       0.463     -0.287
   225      0.375      0.463      0.088
   226          ?      0.463 
   227      0.625      0.463     -0.162
   228      0.625      0.463     -0.162
   229      0.5        0.463     -0.037
   230      0.5        0.463     -0.037
   231      0.25       0.463      0.213
   232      0.75       0.463     -0.287
   233      0.75       0.463     -0.287
   234      0.5        0.463     -0.037
   235      0.625      0.463     -0.162
   236      0.75       0.463     -0.287
   237      0.5        0.463     -0.037
   238      0.625      0.463     -0.162
   239      0.625      0.463     -0.162
   240      0.5        0.463     -0.037
   241      0.375      0.463      0.088
   242      0.5        0.463     -0.037
     1      0.375      0.465      0.09 
     2      0.375      0.465      0.09 
     3      0.25       0.465      0.215
     4      0.5        0.465     -0.035
     5      0.625      0.465     -0.16 
     6      0.5        0.465     -0.035
     7      0.625      0.465     -0.16 
     8      0.75       0.465     -0.285
     9      1          0.465     -0.535
    10      0.125      0.465      0.34 
    11          ?      0.465 
    12      0.375      0.465      0.09 
    13      0.75       0.465     -0.285
    14      0.625      0.465     -0.16 
    15          ?      0.465 
    16          ?      0.465 
    17      0.5        0.465     -0.035
    18      0.5        0.465     -0.035
    19      0.25       0.465      0.215
    20      0.5        0.465     -0.035
    21      0.75       0.465     -0.285
    22      0.375      0.465      0.09 
    23      0.75       0.465     -0.285
    24      0.375      0.465      0.09 
    25      0.5        0.465     -0.035
    26      0          0.465      0.465
    27      0.375      0.465      0.09 
    28      0.75       0.465     -0.285
    29      0.125      0.465      0.34 
    30      0.75       0.465     -0.285
    31      0.625      0.465     -0.16 
    32      0.75       0.465     -0.285
    33      0          0.465      0.465
    34      0.5        0.465     -0.035
    35      0.375      0.465      0.09 
    36      0.25       0.465      0.215
    37      0.375      0.465      0.09 
    38      0.5        0.465     -0.035
    39      0.625      0.465     -0.16 
    40      0.5        0.465     -0.035
    41      0.25       0.465      0.215
    42      0.375      0.465      0.09 
    43      0.375      0.465      0.09 
    44      0.5        0.465     -0.035
    45      0.5        0.465     -0.035
    46      0          0.465      0.465
    47      0.625      0.465     -0.16 
    48      0.625      0.465     -0.16 
    49      0.625      0.465     -0.16 
    50      0.75       0.465     -0.285
    51      0.75       0.465     -0.285
    52      0.625      0.465     -0.16 
    53      0.375      0.465      0.09 
    54      0.5        0.465     -0.035
    55      0.625      0.465     -0.16 
    56          ?      0.465 
    57      0.875      0.465     -0.41 
    58      0.5        0.465     -0.035
    59      0          0.465      0.465
    60      0.75       0.465     -0.285
    61      0          0.465      0.465
    62      0.625      0.465     -0.16 
    63      0.5        0.465     -0.035
    64      0.375      0.465      0.09 
    65      0.375      0.465      0.09 
    66      0.5        0.465     -0.035
    67      0.25       0.465      0.215
    68      0.25       0.465      0.215
    69      0.625      0.465     -0.16 
    70      0.5        0.465     -0.035
    71      0.375      0.465      0.09 
    72      0.5        0.465     -0.035
    73      0          0.465      0.465
    74      0.25       0.465      0.215
    75      0.5        0.465     -0.035
    76      0.75       0.465     -0.285
    77      0.375      0.465      0.09 
    78      0.375      0.465      0.09 
    79      0          0.465      0.465
    80      0.875      0.465     -0.41 
    81      0.875      0.465     -0.41 
    82      0.5        0.465     -0.035
    83      0.625      0.465     -0.16 
    84      0.5        0.465     -0.035
    85      0.625      0.465     -0.16 
    86      0.5        0.465     -0.035
    87          ?      0.465 
    88      0.625      0.465     -0.16 
    89      0.375      0.465      0.09 
    90      0.75       0.465     -0.285
    91      0.375      0.465      0.09 
    92      0.75       0.465     -0.285
    93      0.375      0.465      0.09 
    94      0.625      0.465     -0.16 
    95      0.5        0.465     -0.035
    96      0.5        0.465     -0.035
    97      0.375      0.465      0.09 
    98      0          0.465      0.465
    99      0.625      0.465     -0.16 
   100      0.5        0.465     -0.035
   101      0.625      0.465     -0.16 
   102      0.5        0.465     -0.035
   103      0.625      0.465     -0.16 
   104      0.5        0.465     -0.035
   105      0.375      0.465      0.09 
   106      0.375      0.465      0.09 
   107      0.375      0.465      0.09 
   108      0.75       0.465     -0.285
   109      0.625      0.465     -0.16 
   110      0.25       0.465      0.215
   111      0.375      0.465      0.09 
   112      0.75       0.465     -0.285
   113      0.375      0.465      0.09 
   114      0.625      0.465     -0.16 
   115      0.375      0.465      0.09 
   116      0.75       0.465     -0.285
   117      0.375      0.465      0.09 
   118      0.625      0.465     -0.16 
   119      0.625      0.465     -0.16 
   120      0.75       0.465     -0.285
   121      0.625      0.465     -0.16 
   122      0.375      0.465      0.09 
   123      0.625      0.465     -0.16 
   124      0.25       0.465      0.215
   125      0          0.465      0.465
   126      0.75       0.465     -0.285
   127      0.625      0.465     -0.16 
   128      0          0.465      0.465
   129      0.75       0.465     -0.285
   130      0.125      0.465      0.34 
   131      0.375      0.465      0.09 
   132      0.5        0.465     -0.035
   133      0.5        0.465     -0.035
   134      0.5        0.465     -0.035
   135      0.5        0.465     -0.035
   136      0.5        0.465     -0.035
   137      0          0.465      0.465
   138      0.5        0.465     -0.035
   139      0.5        0.465     -0.035
   140      0.625      0.465     -0.16 
   141      0.375      0.465      0.09 
   142      0          0.465      0.465
   143      0.25       0.465      0.215
   144      0.5        0.465     -0.035
   145          ?      0.465 
   146      0.625      0.465     -0.16 
   147      0.375      0.465      0.09 
   148      0.5        0.465     -0.035
   149      0.75       0.465     -0.285
   150      0.625      0.465     -0.16 
   151      0.375      0.465      0.09 
   152      0.875      0.465     -0.41 
   153      0.75       0.465     -0.285
   154      0.5        0.465     -0.035
   155      0.625      0.465     -0.16 
   156      0.25       0.465      0.215
   157      0.625      0.465     -0.16 
   158      0.625      0.465     -0.16 
   159          ?      0.465 
   160      0.375      0.465      0.09 
   161      0          0.465      0.465
   162      0.125      0.465      0.34 
   163      0.5        0.465     -0.035
   164      0.375      0.465      0.09 
   165      1          0.465     -0.535
   166      0.375      0.465      0.09 
   167      0.75       0.465     -0.285
   168      0.125      0.465      0.34 
   169      0.375      0.465      0.09 
   170      0          0.465      0.465
   171      0.25       0.465      0.215
   172      0.5        0.465     -0.035
   173      0.5        0.465     -0.035
   174      0.25       0.465      0.215
   175      0.5        0.465     -0.035
   176      0.5        0.465     -0.035
   177      0.5        0.465     -0.035
   178      0.25       0.465      0.215
   179      0.25       0.465      0.215
   180      0.5        0.465     -0.035
   181      0.25       0.465      0.215
   182      0.75       0.465     -0.285
   183      0.375      0.465      0.09 
   184      0.125      0.465      0.34 
   185      0.625      0.465     -0.16 
   186      0          0.465      0.465
   187      0          0.465      0.465
   188      0.5        0.465     -0.035
   189      0.375      0.465      0.09 
   190      0.125      0.465      0.34 
   191      0.625      0.465     -0.16 
   192      0.625      0.465     -0.16 
   193      0.625      0.465     -0.16 
   194      0.375      0.465      0.09 
   195      0.75       0.465     -0.285
   196      0.75       0.465     -0.285
   197      0.75       0.465     -0.285
   198      0.125      0.465      0.34 
   199      0.5        0.465     -0.035
   200      0.625      0.465     -0.16 
   201      0.625      0.465     -0.16 
   202          ?      0.465 
   203      0.375      0.465      0.09 
   204      0.25       0.465      0.215
   205      0.75       0.465     -0.285
   206      0.5        0.465     -0.035
   207      0.375      0.465      0.09 
   208      0.5        0.465     -0.035
   209      0.625      0.465     -0.16 
   210          ?      0.465 
   211      0.875      0.465     -0.41 
   212      0.375      0.465      0.09 
   213      0.625      0.465     -0.16 
   214      0.25       0.465      0.215
   215      0.25       0.465      0.215
   216      0.75       0.465     -0.285
   217      0.375      0.465      0.09 
   218      0.375      0.465      0.09 
   219      0.25       0.465      0.215
   220      0.875      0.465     -0.41 
   221      1          0.465     -0.535
   222      0.75       0.465     -0.285
   223      0.625      0.465     -0.16 
   224          ?      0.465 
   225      0.625      0.465     -0.16 
   226      0.5        0.465     -0.035
   227      0.375      0.465      0.09 
   228      0.375      0.465      0.09 
   229      0          0.465      0.465
   230      0.5        0.465     -0.035
   231      0.5        0.465     -0.035
   232      0.75       0.465     -0.285
   233      0.875      0.465     -0.41 
   234      0.625      0.465     -0.16 
   235      0.5        0.465     -0.035
   236      0.25       0.465      0.215
   237      0.625      0.465     -0.16 
   238      0.375      0.465      0.09 
   239      0.25       0.465      0.215
   240      0.25       0.465      0.215
   241      0.75       0.465     -0.285
   242          ?      0.465 

=== Cross-validation ===
=== Summary ===

Correlation coefficient                 -0.0835
Mean absolute error                      0.1734
Root mean squared error                  0.2164
Relative absolute error                100      %
Root relative squared error            100      %
Total Number of Instances             2305     
Ignored Class Unknown Instances                120     

